step,policy_name,action,action_name,compact_reward,partition_reward,global_reward,done,rows_ingested,ingestion_rate_rows_per_sec,latency_ms,file_count,block_utilization,total_size_kb,file_size_skew_kb,partition_strategy,steps_since_compact,steps_since_partition_change,partition_pruning_ratio,avg_pruning_ratio,query_hist_time_range,query_hist_region_filter,query_hist_sensor_lookup,query_hist_type_filter,query_hist_full_scan,next_rows_ingested,next_ingestion_rate_rows_per_sec,next_latency_ms,next_file_count,next_block_utilization,next_total_size_kb,next_file_size_skew_kb,next_partition_strategy,next_steps_since_compact,next_steps_since_partition_change,next_partition_pruning_ratio,next_avg_pruning_ratio,next_query_hist_time_range,next_query_hist_region_filter,next_query_hist_sensor_lookup,next_query_hist_type_filter,next_query_hist_full_scan
1,MultiAgentRL_mlp_ppo,0,NOOP,0.019678,0.0,0.018904,0,0,0.0,0.0,0,0.0,0.0,0.0,0,0,0,0.0,0.0,0.0,0.0,0.0,0.0,0.0,41,226.94982506938496,39.956092834472656,1,0.0990142822265625,6.3369140625,0.0,0,1,1,0.0,0.0,0.0,1.0,0.0,0.0,0.0
2,MultiAgentRL_mlp_ppo,0,NOOP,0.020668,0.0,0.019295,0,41,226.94982506938496,39.956092834472656,1,0.0990142822265625,6.3369140625,0.0,0,1,1,0.0,0.0,0.0,1.0,0.0,0.0,0.0,49,263.9288864232347,71.15435600280762,2,0.10459136962890625,13.3876953125,0.5047803291478186,0,2,2,0.0,0.0,0.5,0.5,0.0,0.0,0.0
3,MultiAgentRL_mlp_ppo,0,NOOP,0.020306,0.0,0.018836,0,49,263.9288864232347,71.15435600280762,2,0.10459136962890625,13.3876953125,0.5047803291478186,0,2,2,0.0,0.0,0.5,0.5,0.0,0.0,0.0,42,280.63634842979104,77.22210884094238,3,0.10340372721354167,19.853515625,0.3804388871376281,0,3,3,0.0,0.0,0.6666666666666666,0.3333333333333333,0.0,0.0,0.0
4,MultiAgentRL_mlp_ppo,0,NOOP,0.020341,0.0,0.018895,0,42,280.63634842979104,77.22210884094238,3,0.10340372721354167,19.853515625,0.3804388871376281,0,3,3,0.0,0.0,0.6666666666666666,0.3333333333333333,0.0,0.0,0.0,46,227.52737869069563,77.31199264526367,4,0.10420608520507812,26.6767578125,0.32716483459374274,0,4,4,0.0,0.0,0.5,0.25,0.25,0.0,0.0
5,MultiAgentRL_mlp_ppo,0,NOOP,0.019636,0.0,0.016902,0,46,227.52737869069563,77.31199264526367,4,0.10420608520507812,26.6767578125,0.32716483459374274,0,4,4,0.0,0.0,0.5,0.25,0.25,0.0,0.0,34,171.56392457297397,142.9145336151123,5,0.1013031005859375,32.4169921875,0.5028609441793112,0,5,5,0.0,0.0,0.6,0.2,0.2,0.0,0.0
6,MultiAgentRL_mlp_ppo,0,NOOP,0.019782,0.0,0.017363,0,34,171.56392457297397,142.9145336151123,5,0.1013031005859375,32.4169921875,0.5028609441793112,0,5,5,0.0,0.0,0.6,0.2,0.2,0.0,0.0,48,192.57907277723945,128.44109535217285,6,0.10265858968098958,39.4208984375,0.49744349812179584,0,6,6,0.0,0.0,0.6666666666666666,0.16666666666666666,0.16666666666666666,0.0,0.0
7,MultiAgentRL_mlp_ppo,0,NOOP,0.019809,0.0,0.018038,0,48,192.57907277723945,128.44109535217285,6,0.10265858968098958,39.4208984375,0.49744349812179584,0,6,6,0.0,0.0,0.6666666666666666,0.16666666666666666,0.16666666666666666,0.0,0.0,47,257.22961453194097,97.32913970947266,7,0.10342189243861608,46.3330078125,0.47213722625226123,0,7,7,0.0,0.0,0.7142857142857143,0.14285714285714285,0.14285714285714285,0.0,0.0
8,MultiAgentRL_mlp_ppo,0,NOOP,0.019615,0.0,0.017664,0,47,257.22961453194097,97.32913970947266,7,0.10342189243861608,46.3330078125,0.47213722625226123,0,7,7,0.0,0.0,0.7142857142857143,0.14285714285714285,0.14285714285714285,0.0,0.0,42,215.62882039945507,107.56182670593262,8,0.10307693481445312,52.775390625,0.4415518307209192,0,8,8,0.0,0.0,0.75,0.125,0.125,0.0,0.0
9,MultiAgentRL_mlp_ppo,0,NOOP,0.019142,0.0,0.016377,0,42,215.62882039945507,107.56182670593262,8,0.10307693481445312,52.775390625,0.4415518307209192,0,8,8,0.0,0.0,0.75,0.125,0.125,0.0,0.0,32,214.7418366481659,149.5211124420166,9,0.10133531358506945,58.369140625,0.5314268927182223,0,9,9,0.0,0.0,0.7777777777777778,0.1111111111111111,0.1111111111111111,0.0,0.0
10,MultiAgentRL_mlp_ppo,0,NOOP,0.018695,0.0,0.016461,0,32,214.7418366481659,149.5211124420166,9,0.10133531358506945,58.369140625,0.5314268927182223,0,9,9,0.0,0.0,0.7777777777777778,0.1111111111111111,0.1111111111111111,0.0,0.0,31,172.64979518128283,124.22585487365723,10,0.099725341796875,63.82421875,0.5976653276362174,0,10,10,0.0,0.0,0.7,0.1,0.2,0.0,0.0
11,MultiAgentRL_mlp_ppo,0,NOOP,0.018581,0.0,0.016765,0,31,172.64979518128283,124.22585487365723,10,0.099725341796875,63.82421875,0.5976653276362174,0,10,10,0.0,0.0,0.7,0.1,0.2,0.0,0.0,41,211.8277947628914,104.56061363220215,11,0.09977999600497159,70.2451171875,0.5671137852848351,0,11,11,0.0,0.0,0.6363636363636364,0.09090909090909091,0.18181818181818182,0.09090909090909091,0.0
12,MultiAgentRL_mlp_ppo,0,NOOP,0.018482,0.0,0.015726,0,41,211.8277947628914,104.56061363220215,11,0.09977999600497159,70.2451171875,0.5671137852848351,0,11,11,0.0,0.0,0.6363636363636364,0.09090909090909091,0.18181818181818182,0.09090909090909091,0.0,42,273.2742317298295,152.8017520904541,12,0.09991073608398438,76.7314453125,0.5414981024004489,0,12,12,0.0,0.0,0.6666666666666666,0.08333333333333333,0.16666666666666666,0.08333333333333333,0.0
13,MultiAgentRL_mlp_ppo,0,NOOP,0.018134,0.0,0.014633,0,42,273.2742317298295,152.8017520904541,12,0.09991073608398438,76.7314453125,0.5414981024004489,0,12,12,0.0,0.0,0.6666666666666666,0.08333333333333333,0.16666666666666666,0.08333333333333333,0.0,31,157.59536316762944,191.28036499023438,13,0.09879479041466346,82.197265625,0.5788754293719203,0,13,13,0.0,0.0,0.6153846153846154,0.07692307692307693,0.23076923076923078,0.07692307692307693,0.0
14,MultiAgentRL_mlp_ppo,0,NOOP,0.017801,0.0,0.015423,0,31,157.59536316762944,191.28036499023438,13,0.09879479041466346,82.197265625,0.5788754293719203,0,13,13,0.0,0.0,0.6153846153846154,0.07692307692307693,0.23076923076923078,0.07692307692307693,0.0,30,145.60707454213238,136.3680362701416,14,0.09775325230189733,87.5869140625,0.6095301091318157,0,14,14,0.0,0.0,0.6428571428571429,0.07142857142857142,0.21428571428571427,0.07142857142857142,0.0
15,MultiAgentRL_mlp_ppo,0,NOOP,0.017819,0.0,0.014887,0,30,145.60707454213238,136.3680362701416,14,0.09775325230189733,87.5869140625,0.6095301091318157,0,14,14,0.0,0.0,0.6428571428571429,0.07142857142857142,0.21428571428571427,0.07142857142857142,0.0,48,241.92034145556008,165.34996032714844,15,0.0984710693359375,94.5322265625,0.61371570641185,0,15,15,0.0,0.0,0.6666666666666666,0.06666666666666667,0.2,0.06666666666666667,0.0
16,MultiAgentRL_mlp_ppo,0,NOOP,0.017777,0.0,0.015408,0,48,241.92034145556008,165.34996032714844,15,0.0984710693359375,94.5322265625,0.61371570641185,0,15,15,0.0,0.0,0.6666666666666666,0.06666666666666667,0.2,0.06666666666666667,0.0,45,216.81118932529546,138.47804069519043,16,0.09888648986816406,101.259765625,0.6023678231778524,0,16,16,0.0,0.0,0.6875,0.0625,0.1875,0.0625,0.0
17,MultiAgentRL_mlp_ppo,0,NOOP,0.017645,0.0,0.014097,0,45,216.81118932529546,138.47804069519043,16,0.09888648986816406,101.259765625,0.6023678231778524,0,16,16,0.0,0.0,0.6875,0.0625,0.1875,0.0625,0.0,41,201.3941818522509,198.61435890197754,17,0.09884823069852941,107.546875,0.5833275084111221,0,17,17,0.0,0.0,0.7058823529411765,0.058823529411764705,0.17647058823529413,0.058823529411764705,0.0
18,MultiAgentRL_mlp_ppo,1,COMPACT_32KB,0.426321,-0.045,0.05662,0,41,201.3941818522509,198.61435890197754,17,0.09884823069852941,107.546875,0.5833275084111221,0,17,17,0.0,0.0,0.7058823529411765,0.058823529411764705,0.17647058823529413,0.058823529411764705,0.0,48,213.01290605181467,80.94024658203125,4,0.2931938171386719,75.0576171875,3.097294931076244,0,0,18,0.0,0.0,0.7222222222222222,0.05555555555555555,0.16666666666666666,0.05555555555555555,0.0
19,MultiAgentRL_mlp_ppo,0,NOOP,0.049883,0.0,0.047885,0,48,213.01290605181467,80.94024658203125,4,0.2931938171386719,75.0576171875,3.097294931076244,0,0,18,0.0,0.0,0.7222222222222222,0.05555555555555555,0.16666666666666666,0.05555555555555555,0.0,34,204.01945681160083,106.16350173950195,5,0.2525390625,80.8125,6.406594787251327,0,1,19,0.0,0.0,0.7368421052631579,0.05263157894736842,0.15789473684210525,0.05263157894736842,0.0
20,MultiAgentRL_mlp_ppo,0,NOOP,0.044425,0.0,0.042542,0,34,204.01945681160083,106.16350173950195,5,0.2525390625,80.8125,6.406594787251327,0,1,19,0.0,0.0,0.7368421052631579,0.05263157894736842,0.15789473684210525,0.05263157894736842,0.0,36,213.84538602509014,101.68313980102539,6,0.2258758544921875,86.736328125,7.092763850696571,0,2,20,0.0,0.0,0.75,0.05,0.15,0.05,0.0
21,MultiAgentRL_mlp_ppo,4,PARTITION_HOUR,-0.140772,-0.1,0.039214,0,36,213.84538602509014,101.68313980102539,6,0.2258758544921875,86.736328125,7.092763850696571,0,2,20,0.0,0.0,0.75,0.05,0.15,0.05,0.0,50,242.80545595374412,100.34418106079102,7,0.20960562569754465,93.9033203125,7.036534014282712,1,3,0,0.0,0.0,0.8,0.0,0.15,0.05,0.0
22,MultiAgentRL_mlp_ppo,0,NOOP,0.037894,-0.02713,0.046245,0,50,242.80545595374412,100.34418106079102,7,0.20960562569754465,93.9033203125,7.036534014282712,1,3,0,0.0,0.0,0.8,0.0,0.15,0.05,0.0,33,154.8070247647339,103.5761833190918,8,0.1944713592529297,99.5693359375,7.067172860444,1,4,1,0.034074074074074076,0.0017037037037037038,0.8,0.0,0.15,0.05,0.0
23,MultiAgentRL_mlp_ppo,0,NOOP,0.035434,-0.005273,0.05282,0,33,154.8070247647339,103.5761833190918,8,0.1944713592529297,99.5693359375,7.067172860444,1,4,1,0.034074074074074076,0.0017037037037037038,0.8,0.0,0.15,0.05,0.0,34,167.04345748194933,141.55888557434082,9,0.1827969021267361,105.291015625,6.980409657639082,1,5,2,0.06663783783783783,0.005035595595595596,0.8,0.0,0.15,0.05,0.0
24,MultiAgentRL_mlp_ppo,0,NOOP,0.033655,0.019037,0.061632,0,34,167.04345748194933,141.55888557434082,9,0.1827969021267361,105.291015625,6.980409657639082,1,5,2,0.06663783783783783,0.005035595595595596,0.8,0.0,0.15,0.05,0.0,41,160.4300962115254,156.47244453430176,10,0.17452392578125,111.6953125,6.790839103096776,1,6,3,0.10285714285714287,0.01017845273845274,0.85,0.0,0.1,0.05,0.0
25,MultiAgentRL_mlp_ppo,0,NOOP,0.032158,-0.035204,0.030813,0,41,160.4300962115254,156.47244453430176,10,0.17452392578125,111.6953125,6.790839103096776,1,6,3,0.10285714285714287,0.01017845273845274,0.85,0.0,0.1,0.05,0.0,41,171.7970720869223,81.03775978088379,11,0.1676663485440341,118.037109375,6.604753294302686,1,7,4,0.0,0.01017845273845274,0.8,0.0,0.1,0.05,0.05
26,MultiAgentRL_mlp_ppo,0,NOOP,0.030829,-0.032105,0.029671,0,41,171.7970720869223,81.03775978088379,11,0.1676663485440341,118.037109375,6.604753294302686,1,7,4,0.0,0.01017845273845274,0.8,0.0,0.1,0.05,0.05,38,211.54618792655378,72.87192344665527,12,0.16164271036783853,124.1416015625,6.4374297587958385,1,8,5,0.0,0.01017845273845274,0.75,0.0,0.1,0.05,0.1
27,MultiAgentRL_mlp_ppo,0,NOOP,0.029722,0.079191,0.085154,0,38,211.54618792655378,72.87192344665527,12,0.16164271036783853,124.1416015625,6.4374297587958385,1,8,5,0.0,0.01017845273845274,0.75,0.0,0.1,0.05,0.1,40,204.34874648146365,131.86359405517578,13,0.15673710749699518,130.4052734375,6.2664612534545805,1,9,6,0.19247926267281107,0.019802415872093294,0.75,0.0,0.1,0.05,0.1
28,MultiAgentRL_mlp_ppo,0,NOOP,0.028563,-0.026951,0.026878,0,40,204.34874648146365,131.86359405517578,13,0.15673710749699518,130.4052734375,6.2664612534545805,1,9,6,0.19247926267281107,0.019802415872093294,0.75,0.0,0.1,0.05,0.1,30,158.10081683270948,101.73821449279785,14,0.15156337193080358,135.80078125,6.146774582935132,1,10,7,0.0,0.019802415872093294,0.7,0.0,0.1,0.1,0.1
29,MultiAgentRL_mlp_ppo,0,NOOP,0.027572,0.105586,0.09495,0,30,158.10081683270948,101.73821449279785,14,0.15156337193080358,135.80078125,6.146774582935132,1,10,7,0.0,0.019802415872093294,0.7,0.0,0.1,0.1,0.1,32,143.6916027526904,126.91068649291992,15,0.147235107421875,141.345703125,6.019557528952529,1,11,8,0.2318047079337402,0.031392651268780304,0.7,0.0,0.1,0.1,0.1
30,MultiAgentRL_mlp_ppo,0,NOOP,0.026662,-0.022897,0.025398,0,32,143.6916027526904,126.91068649291992,15,0.147235107421875,141.345703125,6.019557528952529,1,11,8,0.2318047079337402,0.031392651268780304,0.7,0.0,0.1,0.1,0.1,30,144.496641058325,83.23025703430176,16,0.1433115005493164,146.7509765625,5.9015513031408675,1,12,9,0.0,0.031392651268780304,0.7,0.0,0.05,0.1,0.15
31,MultiAgentRL_mlp_ppo,0,NOOP,0.025905,0.129998,0.102242,0,30,144.496641058325,83.23025703430176,16,0.1433115005493164,146.7509765625,5.9015513031408675,1,12,9,0.0,0.031392651268780304,0.7,0.0,0.05,0.1,0.15,34,173.19625932133403,227.0493507385254,17,0.14015107996323528,152.484375,5.774689684108214,1,13,10,0.26817506193228735,0.04480140436539467,0.75,0.0,0.05,0.05,0.15
32,MultiAgentRL_mlp_ppo,1,COMPACT_32KB,0.488381,-0.045,0.118833,0,34,173.19625932133403,227.0493507385254,17,0.14015107996323528,152.484375,5.774689684108214,1,13,10,0.26817506193228735,0.04480140436539467,0.75,0.0,0.05,0.05,0.15,33,130.87902779708327,72.03269004821777,3,0.6028696695963541,115.7509765625,32.992454364530474,1,0,11,0.0,0.04480140436539467,0.7,0.05,0.05,0.05,0.15
33,MultiAgentRL_mlp_ppo,0,NOOP,0.094829,0.5175,0.369288,0,33,130.87902779708327,72.03269004821777,3,0.6028696695963541,115.7509765625,32.992454364530474,1,0,11,0.0,0.04480140436539467,0.7,0.05,0.05,0.05,0.15,40,235.79136731091398,82.02147483825684,4,0.4766426086425781,122.0205078125,31.412079534817103,1,1,12,0.92,0.09080140436539468,0.75,0.05,0.0,0.05,0.15
34,MultiAgentRL_mlp_ppo,0,NOOP,0.079204,0.5175,0.353368,0,40,235.79136731091398,82.02147483825684,4,0.4766426086425781,122.0205078125,31.412079534817103,1,1,12,0.92,0.09080140436539468,0.75,0.05,0.0,0.05,0.15,34,158.84895984173733,98.05178642272949,5,0.3991455078125,127.7265625,29.377505894364052,1,2,13,0.92,0.13680140436539467,0.75,0.05,0.0,0.05,0.15
35,MultiAgentRL_mlp_ppo,0,NOOP,0.069138,0.421875,0.291981,0,34,158.84895984173733,98.05178642272949,5,0.3991455078125,127.7265625,29.377505894364052,1,2,13,0.92,0.13680140436539467,0.75,0.05,0.0,0.05,0.15,42,218.08121063265062,115.34643173217773,6,0.3494415283203125,134.185546875,27.407023472239924,1,3,14,0.75,0.17430140436539468,0.7,0.05,0.05,0.05,0.15
36,MultiAgentRL_mlp_ppo,0,NOOP,0.061623,0.5175,0.335725,0,42,218.08121063265062,115.34643173217773,6,0.3494415283203125,134.185546875,27.407023472239924,1,3,14,0.75,0.17430140436539468,0.7,0.05,0.05,0.05,0.15,35,200.72556231626444,103.63221168518066,7,0.31248910086495535,139.9951171875,25.789633768154648,1,4,15,0.92,0.22030140436539467,0.7,0.05,0.05,0.05,0.15
37,MultiAgentRL_mlp_ppo,0,NOOP,0.056247,0.5175,0.329584,0,35,200.72556231626444,103.63221168518066,7,0.31248910086495535,139.9951171875,25.789633768154648,1,4,15,0.92,0.22030140436539467,0.7,0.05,0.05,0.05,0.15,43,188.19980444884104,143.1446075439453,8,0.28623390197753906,146.5517578125,24.34498561400546,1,5,16,0.92,0.2663014043653947,0.7,0.05,0.05,0.05,0.15
38,MultiAgentRL_mlp_ppo,0,NOOP,0.052037,0.5175,0.325299,0,43,188.19980444884104,143.1446075439453,8,0.28623390197753906,146.5517578125,24.34498561400546,1,5,16,0.92,0.2663014043653947,0.7,0.05,0.05,0.05,0.15,43,177.93550500296962,148.1802463531494,9,0.2658114963107639,153.107421875,23.10776003843961,1,6,17,0.92,0.31230140436539466,0.7,0.05,0.05,0.05,0.15
39,MultiAgentRL_mlp_ppo,0,NOOP,0.048339,0.5175,0.322194,0,43,177.93550500296962,148.1802463531494,9,0.2658114963107639,153.107421875,23.10776003843961,1,6,17,0.92,0.31230140436539466,0.7,0.05,0.05,0.05,0.15,32,176.1142518232372,119.75669860839844,10,0.2479461669921875,158.685546875,22.084201033717477,1,7,18,0.92,0.35830140436539465,0.7,0.05,0.05,0.05,0.15
40,MultiAgentRL_mlp_ppo,0,NOOP,0.04528,0.0,0.043632,0,32,176.1142518232372,119.75669860839844,10,0.2479461669921875,158.685546875,22.084201033717477,1,7,18,0.92,0.35830140436539465,0.7,0.05,0.05,0.05,0.15,32,170.9779974522293,96.17161750793457,11,0.23327498002485794,164.2255859375,21.181094474388292,1,8,19,0.0,0.35830140436539465,0.65,0.05,0.05,0.1,0.15
41,MultiAgentRL_mlp_ppo,0,NOOP,0.04294,0.0,0.041771,0,32,170.9779974522293,96.17161750793457,11,0.23327498002485794,164.2255859375,21.181094474388292,1,8,19,0.0,0.35830140436539465,0.65,0.05,0.05,0.1,0.15,42,214.90332442379784,73.44222068786621,12,0.222198486328125,170.6484375,20.34413469854045,1,9,20,0.0,0.35830140436539465,0.6,0.05,0.05,0.1,0.2
42,MultiAgentRL_mlp_ppo,0,NOOP,0.040683,0.517074,0.314485,0,42,214.90332442379784,73.44222068786621,12,0.222198486328125,170.6484375,20.34413469854045,1,9,20,0.0,0.35830140436539465,0.6,0.05,0.05,0.1,0.2,30,154.20556555712557,126.16968154907227,13,0.21153963529146635,176.0009765625,19.632703907540463,1,10,21,0.92,0.402597700661691,0.6,0.05,0.05,0.1,0.2
43,MultiAgentRL_mlp_ppo,0,NOOP,0.038741,0.516667,0.312372,0,30,154.20556555712557,126.16968154907227,13,0.21153963529146635,176.0009765625,19.632703907540463,1,10,21,0.92,0.402597700661691,0.6,0.05,0.05,0.1,0.2,30,181.78749077186905,135.96248626708984,14,0.2024568830217634,181.4013671875,18.987476643222575,1,11,22,0.92,0.44526580876979915,0.6,0.05,0.05,0.1,0.2
44,MultiAgentRL_mlp_ppo,0,NOOP,0.03737,0.516214,0.310101,0,30,181.78749077186905,135.96248626708984,14,0.2024568830217634,181.4013671875,18.987476643222575,1,11,22,0.92,0.44526580876979915,0.6,0.05,0.05,0.1,0.2,48,250.56577322872278,182.19947814941406,15,0.19622294108072916,188.3740234375,18.361923074962835,1,12,23,0.92,0.4861229516269419,0.6,0.05,0.05,0.1,0.2
45,MultiAgentRL_mlp_ppo,0,NOOP,0.035966,0.0,0.033082,0,48,250.56577322872278,182.19947814941406,15,0.19622294108072916,188.3740234375,18.361923074962835,1,12,23,0.92,0.4861229516269419,0.6,0.05,0.05,0.1,0.2,37,138.53313242256962,164.22700881958008,16,0.18983078002929688,194.38671875,17.81461910559017,1,13,24,0.0,0.4861229516269419,0.6,0.1,0.05,0.1,0.15
46,MultiAgentRL_mlp_ppo,0,NOOP,0.034639,0.421875,0.256135,0,37,138.53313242256962,164.22700881958008,16,0.18983078002929688,194.38671875,17.81461910559017,1,13,24,0.0,0.4861229516269419,0.6,0.1,0.05,0.1,0.15,32,155.1104906483733,196.46310806274414,17,0.1838208366842831,199.9970703125,17.321682377715312,1,14,25,0.75,0.523622951626942,0.6,0.1,0.1,0.1,0.1
47,MultiAgentRL_mlp_ppo,1,COMPACT_32KB,0.473536,-0.047406,0.104164,0,32,155.1104906483733,196.46310806274414,17,0.1838208366842831,199.9970703125,17.321682377715312,1,14,25,0.75,0.523622951626942,0.6,0.1,0.1,0.1,0.1,39,175.374604120789,65.77324867248535,5,0.52989501953125,169.56640625,24.711065623324803,1,0,26,0.0,0.5139989884933014,0.55,0.1,0.1,0.15,0.1
48,MultiAgentRL_mlp_ppo,0,NOOP,0.090959,0.0,0.089961,0,39,175.374604120789,65.77324867248535,5,0.52989501953125,169.56640625,24.711065623324803,1,0,26,0.0,0.5139989884933014,0.55,0.1,0.1,0.15,0.1,43,210.1310640360341,57.44338035583496,6,0.4585469563802083,176.08203125,24.771246894825577,1,1,27,0.0,0.5139989884933014,0.55,0.1,0.1,0.1,0.15
49,MultiAgentRL_mlp_ppo,0,NOOP,0.080941,-0.002898,0.07876,0,43,210.1310640360341,57.44338035583496,6,0.4585469563802083,176.08203125,24.771246894825577,1,1,27,0.0,0.5139989884933014,0.55,0.1,0.1,0.1,0.15,50,213.2183779497138,117.78759956359863,7,0.4090794154575893,183.267578125,24.114456718164995,1,2,28,0.0,0.5024087530966144,0.5,0.1,0.1,0.1,0.2
50,MultiAgentRL_mlp_ppo,0,NOOP,0.073214,0.5175,0.346952,0,50,213.2183779497138,117.78759956359863,7,0.4090794154575893,183.267578125,24.114456718164995,1,2,28,0.0,0.5024087530966144,0.5,0.1,0.1,0.1,0.2,45,186.057750316432,123.07953834533691,8,0.37106895446777344,189.9873046875,23.361884305040437,1,3,29,0.92,0.5484087530966144,0.55,0.1,0.1,0.1,0.15
51,MultiAgentRL_mlp_ppo,0,NOOP,0.067737,-0.003352,0.066577,0,45,186.057750316432,123.07953834533691,8,0.37106895446777344,189.9873046875,23.361884305040437,1,3,29,0.92,0.5484087530966144,0.55,0.1,0.1,0.1,0.15,63,363.6154312960555,69.27990913391113,9,0.3443111843532986,198.3232421875,22.448814136357736,1,4,30,0.0,0.5349999999999999,0.5,0.1,0.1,0.1,0.2
52,MultiAgentRL_mlp_ppo,0,NOOP,0.063394,0.0,0.061827,0,63,363.6154312960555,69.27990913391113,9,0.3443111843532986,198.3232421875,22.448814136357736,1,4,30,0.0,0.5349999999999999,0.5,0.1,0.1,0.1,0.2,67,339.4601703954513,90.83962440490723,10,0.3232177734375,206.859375,21.59118589619067,1,5,31,0.0,0.5349999999999999,0.5,0.1,0.1,0.1,0.2
53,MultiAgentRL_mlp_ppo,0,NOOP,0.060223,-0.0115,0.058572,0,67,339.4601703954513,90.83962440490723,10,0.3232177734375,206.859375,21.59118589619067,1,5,31,0.0,0.5349999999999999,0.5,0.1,0.1,0.1,0.2,82,400.67210475424923,96.30584716796875,11,0.3079917214133523,216.826171875,20.736606036266938,1,6,32,0.0,0.489,0.45,0.15,0.1,0.1,0.2
54,MultiAgentRL_mlp_ppo,0,NOOP,0.056893,-0.0115,0.05564,0,82,400.67210475424923,96.30584716796875,11,0.3079917214133523,216.826171875,20.736606036266938,1,6,32,0.0,0.489,0.45,0.15,0.1,0.1,0.2,53,275.8941341901886,77.66151428222656,12,0.29196421305338544,224.228515625,20.088342789165658,1,7,33,0.0,0.44299999999999995,0.4,0.15,0.1,0.1,0.25
55,MultiAgentRL_mlp_ppo,0,NOOP,0.054629,-0.009375,0.052973,0,53,275.8941341901886,77.66151428222656,12,0.29196421305338544,224.228515625,20.088342789165658,1,7,33,0.0,0.44299999999999995,0.4,0.15,0.1,0.1,0.25,79,357.45456546105544,99.03693199157715,13,0.28126760629507214,234.0146484375,19.390862638285952,1,8,34,0.0,0.40549999999999997,0.4,0.2,0.05,0.1,0.25
56,MultiAgentRL_mlp_ppo,0,NOOP,0.052841,0.506,0.325246,0,79,357.45456546105544,99.03693199157715,13,0.28126760629507214,234.0146484375,19.390862638285952,1,8,34,0.0,0.40549999999999997,0.4,0.2,0.05,0.1,0.25,87,414.3138619167431,197.22723960876465,14,0.2729546683175223,244.5673828125,18.73618966781418,1,9,35,0.92,0.40549999999999997,0.4,0.2,0.05,0.1,0.25
57,MultiAgentRL_mlp_ppo,0,NOOP,0.051051,0.506,0.323615,0,87,414.3138619167431,197.22723960876465,14,0.2729546683175223,244.5673828125,18.73618966781418,1,9,35,0.92,0.40549999999999997,0.4,0.2,0.05,0.1,0.25,76,375.74863264305384,190.53936004638672,15,0.26462910970052084,254.0439453125,18.17220084454236,1,10,36,0.92,0.40549999999999997,0.4,0.2,0.05,0.1,0.25
58,MultiAgentRL_mlp_ppo,0,NOOP,0.049022,0.506,0.322507,0,76,375.74863264305384,190.53936004638672,15,0.26462910970052084,254.0439453125,18.17220084454236,1,10,36,0.92,0.40549999999999997,0.4,0.2,0.05,0.1,0.25,50,245.60294842711906,145.72644233703613,16,0.2551097869873047,261.232421875,17.72434296199503,1,11,37,0.92,0.40549999999999997,0.4,0.2,0.05,0.1,0.25
59,MultiAgentRL_mlp_ppo,0,NOOP,0.047732,-0.0115,0.04622,0,50,245.60294842711906,145.72644233703613,16,0.2551097869873047,261.232421875,17.72434296199503,1,11,37,0.92,0.40549999999999997,0.4,0.2,0.05,0.1,0.25,82,395.1902948074048,96.8637466430664,17,0.24928732479319854,271.224609375,17.230159941875417,1,12,38,0.0,0.3595,0.35,0.2,0.05,0.1,0.3
60,MultiAgentRL_mlp_ppo,1,COMPACT_32KB,0.082796,0.4725,0.37088,0,82,395.1902948074048,96.8637466430664,17,0.24928732479319854,271.224609375,17.230159941875417,1,12,38,0.0,0.3595,0.35,0.2,0.05,0.1,0.3,68,319.732960851268,121.69408798217773,8,0.490570068359375,251.171875,18.934381504294716,1,0,39,0.92,0.40549999999999997,0.4,0.2,0.05,0.05,0.3
61,MultiAgentRL_mlp_ppo,0,NOOP,0.088834,0.5175,0.361103,0,68,319.732960851268,121.69408798217773,8,0.490570068359375,251.171875,18.934381504294716,1,0,39,0.92,0.40549999999999997,0.4,0.2,0.05,0.05,0.3,59,252.40759107887075,197.82757759094238,9,0.4497968885633681,259.0830078125,19.36444138462407,1,1,40,0.92,0.45149999999999996,0.45,0.2,0.05,0.05,0.25
62,MultiAgentRL_mlp_ppo,0,NOOP,0.082443,0.506,0.356101,0,59,252.40759107887075,197.82757759094238,9,0.4497968885633681,259.0830078125,19.36444138462407,1,1,40,0.92,0.45149999999999996,0.45,0.2,0.05,0.05,0.25,68,305.8840073314522,129.59742546081543,10,0.418463134765625,267.81640625,19.326967326932465,1,2,41,0.92,0.45149999999999996,0.45,0.2,0.05,0.05,0.25
63,MultiAgentRL_mlp_ppo,0,NOOP,0.076987,0.506,0.350807,0,68,305.8840073314522,129.59742546081543,10,0.418463134765625,267.81640625,19.326967326932465,1,2,41,0.92,0.45149999999999996,0.45,0.2,0.05,0.05,0.25,60,327.4429449513113,122.72429466247559,11,0.3918096368963068,275.833984375,19.18819129157169,1,3,42,0.92,0.45149999999999996,0.45,0.2,0.05,0.05,0.25
64,MultiAgentRL_mlp_ppo,0,NOOP,0.073,0.506,0.346707,0,60,327.4429449513113,122.72429466247559,11,0.3918096368963068,275.833984375,19.18819129157169,1,3,42,0.92,0.45149999999999996,0.45,0.2,0.05,0.05,0.25,85,436.30247329066367,129.62913513183594,12,0.3724988301595052,286.0791015625,18.789473268494493,1,4,43,0.92,0.45149999999999996,0.45,0.2,0.05,0.05,0.25
65,MultiAgentRL_mlp_ppo,0,NOOP,0.069183,0.0,0.067438,0,85,436.30247329066367,129.62913513183594,12,0.3724988301595052,286.0791015625,18.789473268494493,1,4,43,0.92,0.45149999999999996,0.45,0.2,0.05,0.05,0.25,64,311.375003044901,103.51443290710449,13,0.3540391188401442,294.560546875,18.4869896288665,1,5,44,0.0,0.45149999999999996,0.45,0.15,0.05,0.1,0.25
66,MultiAgentRL_mlp_ppo,0,NOOP,0.065701,-0.009375,0.063873,0,64,311.375003044901,103.51443290710449,13,0.3540391188401442,294.560546875,18.4869896288665,1,5,44,0.0,0.45149999999999996,0.45,0.15,0.05,0.1,0.25,55,314.02482667744783,108.92939567565918,14,0.3372562953404018,302.181640625,18.210726824324055,1,6,45,0.0,0.41400000000000003,0.45,0.15,0.0,0.15,0.25
67,MultiAgentRL_mlp_ppo,0,NOOP,0.06284,0.0,0.061483,0,55,314.02482667744783,108.92939567565918,14,0.3372562953404018,302.181640625,18.210726824324055,1,6,45,0.0,0.41400000000000003,0.45,0.15,0.0,0.15,0.25,64,305.08432012347237,86.60578727722168,15,0.3235748291015625,310.6318359375,17.872973100221234,1,7,46,0.0,0.41400000000000003,0.45,0.15,0.0,0.1,0.3
68,MultiAgentRL_mlp_ppo,0,NOOP,0.060332,0.5175,0.332127,0,64,305.08432012347237,86.60578727722168,15,0.3235748291015625,310.6318359375,17.872973100221234,1,7,46,0.0,0.41400000000000003,0.45,0.15,0.0,0.1,0.3,65,318.38261535730635,230.24415969848633,16,0.3116588592529297,319.138671875,17.53432163023499,1,8,47,0.92,0.4600000000000001,0.5,0.15,0.0,0.1,0.25
69,MultiAgentRL_mlp_ppo,0,NOOP,0.057954,0.5175,0.331157,0,65,318.38261535730635,230.24415969848633,16,0.3116588592529297,319.138671875,17.53432163023499,1,8,47,0.92,0.4600000000000001,0.5,0.15,0.0,0.1,0.25,56,243.16089565805234,161.09228134155273,17,0.30039439481847424,326.8291015625,17.23578063593701,1,9,48,0.92,0.506,0.55,0.15,0.0,0.1,0.2
70,MultiAgentRL_mlp_ppo,1,COMPACT_32KB,0.082372,0.461,0.370449,0,56,243.16089565805234,161.09228134155273,17,0.30039439481847424,326.8291015625,17.23578063593701,1,9,48,0.92,0.506,0.55,0.15,0.0,0.1,0.2,84,384.4626102138804,124.58634376525879,10,0.48970184326171873,313.4091796875,16.42706577136404,1,0,49,0.92,0.506,0.55,0.15,0.0,0.1,0.2
71,MultiAgentRL_mlp_ppo,0,NOOP,0.090691,0.5175,0.364619,0,84,384.4626102138804,124.58634376525879,10,0.48970184326171873,313.4091796875,16.42706577136404,1,0,49,0.92,0.506,0.55,0.15,0.0,0.1,0.2,89,425.0530398177237,117.35987663269043,11,0.46032853560014203,324.0712890625,16.78503980670254,1,1,50,0.92,0.552,0.6,0.15,0.0,0.1,0.15
72,MultiAgentRL_mlp_ppo,0,NOOP,0.085049,0.5175,0.358952,0,89,425.0530398177237,117.35987663269043,11,0.46032853560014203,324.0712890625,16.78503980670254,1,1,50,0.92,0.552,0.6,0.15,0.0,0.1,0.15,63,305.096995805281,119.83752250671387,12,0.43274561564127606,332.3486328125,17.132447466549714,1,2,51,0.92,0.5980000000000001,0.65,0.1,0.0,0.1,0.15
73,MultiAgentRL_mlp_ppo,0,NOOP,0.080389,0.5175,0.352831,0,63,305.096995805281,119.83752250671387,12,0.43274561564127606,332.3486328125,17.132447466549714,1,2,51,0.92,0.5980000000000001,0.65,0.1,0.0,0.1,0.15,68,329.3616211447233,194.15736198425293,13,0.41007056603064906,341.1787109375,17.217391547433262,1,3,52,0.92,0.644,0.7,0.05,0.0,0.1,0.15
74,MultiAgentRL_mlp_ppo,0,NOOP,0.076327,0.5175,0.349235,0,68,329.3616211447233,194.15736198425293,13,0.41007056603064906,341.1787109375,17.217391547433262,1,3,52,0.92,0.644,0.7,0.05,0.0,0.1,0.15,66,220.68332861658408,172.11055755615234,14,0.3903873988560268,349.787109375,17.200355302941457,1,4,53,0.92,0.6900000000000001,0.75,0.05,0.0,0.1,0.1
75,MultiAgentRL_mlp_ppo,0,NOOP,0.07319,0.421875,0.294531,0,66,220.68332861658408,172.11055755615234,14,0.3903873988560268,349.787109375,17.200355302941457,1,4,53,0.92,0.6900000000000001,0.75,0.05,0.0,0.1,0.1,89,500.1059124255789,201.70927047729492,15,0.375323486328125,360.310546875,16.990055193527947,1,5,54,0.75,0.7275,0.75,0.0,0.05,0.1,0.1
76,MultiAgentRL_mlp_ppo,0,NOOP,0.069952,0.506,0.343582,0,89,500.1059124255789,201.70927047729492,15,0.375323486328125,360.310546875,16.990055193527947,1,5,54,0.75,0.7275,0.75,0.0,0.05,0.1,0.1,60,338.6440417959052,138.49425315856934,16,0.35976123809814453,368.3955078125,16.890517642220793,1,6,55,0.92,0.7275,0.75,0.0,0.05,0.1,0.1
77,MultiAgentRL_mlp_ppo,0,NOOP,0.067262,-0.0115,0.065252,0,60,338.6440417959052,138.49425315856934,16,0.35976123809814453,368.3955078125,16.890517642220793,1,6,55,0.92,0.7275,0.75,0.0,0.05,0.1,0.1,71,335.6706456288902,121.75512313842773,17,0.34693370145909924,377.4638671875,16.700797376260162,1,7,56,0.0,0.6815,0.7,0.0,0.05,0.15,0.1
78,MultiAgentRL_mlp_ppo,1,COMPACT_32KB,0.080324,0.461,0.368465,0,71,335.6706456288902,121.75512313842773,17,0.34693370145909924,377.4638671875,16.700797376260162,1,7,56,0.0,0.6815,0.7,0.0,0.05,0.15,0.1,72,341.98000369169586,123.84414672851562,12,0.4807090759277344,369.1845703125,14.92009091866837,1,0,57,0.92,0.6815,0.7,0.0,0.05,0.15,0.1
79,MultiAgentRL_mlp_ppo,0,NOOP,0.0893,0.5175,0.362143,0,72,341.98000369169586,123.84414672851562,12,0.4807090759277344,369.1845703125,14.92009091866837,1,0,57,0.92,0.6815,0.7,0.0,0.05,0.15,0.1,70,332.64178284341773,174.1039752960205,13,0.45462740384615385,378.25,15.500983784410588,1,1,58,0.92,0.7274999999999999,0.75,0.0,0.05,0.15,0.05
80,MultiAgentRL_mlp_ppo,0,NOOP,0.08473,0.506,0.357271,0,70,332.64178284341773,174.1039752960205,13,0.45462740384615385,378.25,15.500983784410588,1,1,58,0.92,0.7274999999999999,0.75,0.0,0.05,0.15,0.05,72,286.9317117664944,190.4439926147461,14,0.4323981148856027,387.4287109375,15.815606881599372,1,2,59,0.92,0.7274999999999999,0.75,0.0,0.05,0.15,0.05
81,MultiAgentRL_mlp_ppo,0,NOOP,0.081154,-0.0115,0.079245,0,72,286.9317117664944,190.4439926147461,14,0.4323981148856027,387.4287109375,15.815606881599372,1,2,59,0.92,0.7274999999999999,0.75,0.0,0.05,0.15,0.05,95,400.8749533438031,114.20226097106934,15,0.41514689127604165,398.541015625,15.828821240226553,1,3,60,0.0,0.6815,0.7,0.0,0.05,0.2,0.05
82,MultiAgentRL_mlp_ppo,0,NOOP,0.077799,0.506,0.351312,0,95,400.8749533438031,114.20226097106934,15,0.41514689127604165,398.541015625,15.828821240226553,1,3,60,0.0,0.6815,0.7,0.0,0.05,0.2,0.05,83,364.99090687012017,144.317626953125,16,0.39899253845214844,408.568359375,15.841421078292178,1,4,61,0.92,0.6815,0.7,0.0,0.05,0.2,0.05
83,MultiAgentRL_mlp_ppo,0,NOOP,0.074349,0.410375,0.296009,0,83,364.99090687012017,144.317626953125,16,0.39899253845214844,408.568359375,15.841421078292178,1,4,61,0.92,0.6815,0.7,0.0,0.05,0.2,0.05,53,252.46488913823904,188.24100494384766,17,0.38236819996553306,416.0166015625,15.953379214789283,1,5,62,0.75,0.673,0.65,0.0,0.1,0.2,0.05
84,MultiAgentRL_mlp_ppo,1,COMPACT_32KB,0.075777,0.461,0.363805,0,53,252.46488913823904,188.24100494384766,17,0.38236819996553306,416.0166015625,15.953379214789283,1,5,62,0.75,0.673,0.65,0.0,0.1,0.2,0.05,52,282.2787534912134,132.00688362121582,14,0.45922742571149555,411.4677734375,14.464770528746671,1,0,63,0.92,0.673,0.65,0.0,0.1,0.2,0.05
85,MultiAgentRL_mlp_ppo,0,NOOP,0.085749,0.5175,0.359176,0,52,282.2787534912134,132.00688362121582,14,0.45922742571149555,411.4677734375,14.464770528746671,1,0,63,0.92,0.673,0.65,0.0,0.1,0.2,0.05,71,336.7547398536712,147.4001407623291,15,0.43812154134114584,420.5966796875,14.88803470318319,1,1,64,0.92,0.7190000000000001,0.7,0.0,0.1,0.15,0.05
86,MultiAgentRL_mlp_ppo,0,NOOP,0.082281,0.5175,0.354792,0,71,336.7547398536712,147.4001407623291,15,0.43812154134114584,420.5966796875,14.88803470318319,1,1,64,0.92,0.7190000000000001,0.7,0.0,0.1,0.15,0.05,93,347.0586049689839,194.4582462310791,16,0.4214038848876953,431.517578125,15.006421155375854,1,2,65,0.92,0.7649999999999999,0.75,0.0,0.1,0.1,0.05
87,MultiAgentRL_mlp_ppo,0,NOOP,0.079031,0.5175,0.352422,0,93,347.0586049689839,194.4582462310791,16,0.4214038848876953,431.517578125,15.006421155375854,1,2,65,0.92,0.7649999999999999,0.75,0.0,0.1,0.1,0.05,81,305.89088040999303,151.6742706298828,17,0.40577877269071694,441.4873046875,15.103588242226797,1,3,66,0.92,0.8109999999999999,0.8,0.0,0.1,0.1,0.0
88,MultiAgentRL_mlp_ppo,0,NOOP,0.076366,0.506,0.349898,0,81,305.89088040999303,151.6742706298828,17,0.40577877269071694,441.4873046875,15.103588242226797,1,3,66,0.92,0.8109999999999999,0.8,0.0,0.1,0.1,0.0,96,427.86786516185316,145.93172073364258,18,0.3930816650390625,452.830078125,15.052767949679058,1,4,67,0.92,0.8109999999999999,0.8,0.0,0.1,0.1,0.0
89,MultiAgentRL_mlp_ppo,1,COMPACT_32KB,0.077292,0.461,0.364626,0,96,427.86786516185316,145.93172073364258,18,0.3930816650390625,452.830078125,15.052767949679058,1,4,67,0.92,0.8109999999999999,0.8,0.0,0.1,0.1,0.0,52,233.9838220337892,167.94061660766602,15,0.46742350260416665,448.7265625,13.741792346910911,1,0,68,0.92,0.8109999999999999,0.8,0.0,0.1,0.1,0.0
90,MultiAgentRL_mlp_ppo,0,NOOP,0.087779,-0.0115,0.084572,0,52,233.9838220337892,167.94061660766602,15,0.46742350260416665,448.7265625,13.741792346910911,1,0,68,0.92,0.8109999999999999,0.8,0.0,0.1,0.1,0.0,93,445.41281415929205,180.36794662475586,16,0.4488973617553711,459.6708984375,14.097548051424008,1,1,69,0.0,0.7649999999999999,0.75,0.05,0.1,0.1,0.0
91,MultiAgentRL_mlp_ppo,0,NOOP,0.084183,0.506,0.357055,0,93,445.41281415929205,180.36794662475586,16,0.4488973617553711,459.6708984375,14.097548051424008,1,1,69,0.0,0.7649999999999999,0.75,0.05,0.1,0.1,0.0,79,286.0092548395422,177.67620086669922,17,0.43154189165900736,469.517578125,14.397693393820806,1,2,70,0.92,0.7649999999999999,0.75,0.05,0.1,0.1,0.0
92,MultiAgentRL_mlp_ppo,0,NOOP,0.080944,0.506,0.354291,0,79,286.0092548395422,177.67620086669922,17,0.43154189165900736,469.517578125,14.397693393820806,1,2,70,0.92,0.7649999999999999,0.75,0.05,0.1,0.1,0.0,80,410.10512215362917,155.16066551208496,18,0.41596900092230904,479.1962890625,14.59383348573838,1,3,71,0.92,0.7649999999999999,0.75,0.05,0.1,0.1,0.0
93,MultiAgentRL_mlp_ppo,0,NOOP,0.077703,-0.0115,0.075659,0,80,410.10512215362917,155.16066551208496,18,0.41596900092230904,479.1962890625,14.59383348573838,1,3,71,0.92,0.7649999999999999,0.75,0.05,0.1,0.1,0.0,56,268.1577977545536,125.96559524536133,19,0.4003898219058388,486.8740234375,14.833626720919113,1,4,72,0.0,0.719,0.7,0.1,0.1,0.1,0.0
94,MultiAgentRL_mlp_ppo,1,COMPACT_32KB,0.078009,0.461,0.366026,0,56,268.1577977545536,125.96559524536133,19,0.4003898219058388,486.8740234375,14.833626720919113,1,4,72,0.0,0.719,0.7,0.1,0.1,0.1,0.0,57,271.3487321564973,135.0715160369873,16,0.4716348648071289,482.9541015625,12.711123409994485,1,0,73,0.92,0.7190000000000001,0.7,0.1,0.1,0.1,0.0
95,MultiAgentRL_mlp_ppo,0,NOOP,0.088021,0.508125,0.360485,0,57,271.3487321564973,135.0715160369873,16,0.4716348648071289,482.9541015625,12.711123409994485,1,0,73,0.92,0.7190000000000001,0.7,0.1,0.1,0.1,0.0,53,249.7689499615175,198.045015335083,17,0.4507293701171875,490.3935546875,13.487264962221055,1,1,74,0.92,0.7274999999999999,0.75,0.1,0.05,0.1,0.0
96,MultiAgentRL_mlp_ppo,0,NOOP,0.084681,0.506,0.357245,0,53,249.7689499615175,198.045015335083,17,0.4507293701171875,490.3935546875,13.487264962221055,1,1,74,0.92,0.7274999999999999,0.75,0.1,0.05,0.1,0.0,86,322.5724081807857,194.34189796447754,18,0.4346567789713542,500.724609375,13.793185459859396,1,2,75,0.92,0.7274999999999999,0.75,0.1,0.05,0.1,0.0
97,MultiAgentRL_mlp_ppo,0,NOOP,0.081176,0.5175,0.35427,0,86,322.5724081807857,194.34189796447754,18,0.4346567789713542,500.724609375,13.793185459859396,1,2,75,0.92,0.7274999999999999,0.75,0.1,0.05,0.1,0.0,51,281.9815395323454,169.04330253601074,19,0.417755126953125,507.990234375,14.209647072234656,1,3,76,0.92,0.7735,0.8,0.1,0.05,0.05,0.0
98,MultiAgentRL_mlp_ppo,0,NOOP,0.078351,0.506,0.351728,0,51,281.9815395323454,169.04330253601074,19,0.417755126953125,507.990234375,14.209647072234656,1,3,76,0.92,0.7735,0.8,0.1,0.05,0.05,0.0,76,352.06545470610325,156.1450958251953,20,0.404254150390625,517.4453125,14.36033055622837,1,4,77,0.92,0.7735,0.8,0.1,0.05,0.05,0.0
99,MultiAgentRL_mlp_ppo,1,COMPACT_32KB,0.077964,0.461,0.36582,0,76,352.06545470610325,156.1450958251953,20,0.404254150390625,517.4453125,14.36033055622837,1,4,77,0.92,0.7735,0.8,0.1,0.05,0.05,0.0,58,297.6121163927306,144.3796157836914,17,0.4720369226792279,513.576171875,12.192627786915601,1,0,78,0.92,0.7735,0.8,0.1,0.05,0.05,0.0
100,MultiAgentRL_mlp_ppo,0,NOOP,0.088885,0.506,0.361494,0,58,297.6121163927306,144.3796157836914,17,0.4720369226792279,513.576171875,12.192627786915601,1,0,78,0.92,0.7735,0.8,0.1,0.05,0.05,0.0,98,557.6185083390085,192.05045700073242,18,0.4556749131944444,524.9375,12.63540952946923,1,1,79,0.92,0.7735,0.8,0.1,0.05,0.05,0.0
101,MultiAgentRL_mlp_ppo,0,NOOP,0.085341,0.421875,0.304653,0,98,557.6185083390085,192.05045700073242,18,0.4556749131944444,524.9375,12.63540952946923,1,1,79,0.92,0.7735,0.8,0.1,0.05,0.05,0.0,63,263.09956299615965,308.1400394439697,19,0.4385809647409539,533.314453125,13.172863887122903,1,2,80,0.75,0.8109999999999999,0.8,0.1,0.1,0.0,0.0
102,MultiAgentRL_mlp_ppo,0,NOOP,0.082047,-0.0115,0.07889,0,63,263.09956299615965,308.1400394439697,19,0.4385809647409539,533.314453125,13.172863887122903,1,2,80,0.75,0.8109999999999999,0.8,0.1,0.1,0.0,0.0,57,268.9249182230901,182.82818794250488,20,0.42273483276367185,541.1005859375,13.600058328112985,1,3,81,0.0,0.765,0.75,0.15,0.1,0.0,0.0
103,MultiAgentRL_mlp_ppo,0,NOOP,0.079603,-0.009375,0.076694,0,57,268.9249182230901,182.82818794250488,20,0.42273483276367185,541.1005859375,13.600058328112985,1,3,81,0.0,0.765,0.75,0.15,0.1,0.0,0.0,97,422.82300977845955,171.68211936950684,21,0.4111378987630208,552.5693359375,13.685090520352881,1,4,82,0.0,0.7275,0.75,0.15,0.05,0.05,0.0
104,MultiAgentRL_mlp_ppo,2,COMPACT_64KB,0.522849,-0.0615,0.161242,0,97,422.82300977845955,171.68211936950684,21,0.4111378987630208,552.5693359375,13.685090520352881,1,4,82,0.0,0.7275,0.75,0.15,0.05,0.05,0.0,99,486.7818288604176,138.30161094665527,10,0.8250411987304688,528.0263671875,12.276196480142923,1,0,83,0.0,0.6815,0.7,0.2,0.05,0.05,0.0
105,MultiAgentRL_mlp_ppo,0,NOOP,0.151882,-0.0115,0.149608,0,99,486.7818288604176,138.30161094665527,10,0.8250411987304688,528.0263671875,12.276196480142923,1,0,83,0.0,0.6815,0.7,0.2,0.05,0.05,0.0,97,388.78307137178155,127.43020057678223,11,0.7662839022549716,539.4638671875,17.064194400582835,1,1,84,0.0,0.6355000000000001,0.65,0.25,0.05,0.05,0.0
106,MultiAgentRL_mlp_ppo,0,NOOP,0.140996,-0.0115,0.139205,0,97,388.78307137178155,127.43020057678223,11,0.7662839022549716,539.4638671875,17.064194400582835,1,1,84,0.0,0.6355000000000001,0.65,0.25,0.05,0.05,0.0,56,217.507805540276,104.55060005187988,12,0.7124824523925781,547.1865234375,20.174002888202818,1,2,85,0.0,0.5894999999999999,0.6,0.3,0.05,0.05,0.0
107,MultiAgentRL_mlp_ppo,0,NOOP,0.131964,0.410375,0.354029,0,56,217.507805540276,104.55060005187988,12,0.7124824523925781,547.1865234375,20.174002888202818,1,2,85,0.0,0.5894999999999999,0.6,0.3,0.05,0.05,0.0,65,292.7137269470156,163.01846504211426,13,0.6679464486929086,555.7314453125,21.878975561880715,1,3,86,0.75,0.5810000000000001,0.55,0.3,0.1,0.05,0.0
108,MultiAgentRL_mlp_ppo,0,NOOP,0.123931,0.506,0.397306,0,65,292.7137269470156,163.01846504211426,13,0.6679464486929086,555.7314453125,21.878975561880715,1,3,86,0.75,0.5810000000000001,0.55,0.3,0.1,0.05,0.0,52,218.68178395499305,148.73528480529785,14,0.6284059797014508,563.0517578125,23.054754357060588,1,4,87,0.92,0.581,0.55,0.3,0.1,0.05,0.0
109,MultiAgentRL_mlp_ppo,0,NOOP,0.117422,-0.0115,0.114358,0,52,218.68178395499305,148.73528480529785,14,0.6284059797014508,563.0517578125,23.054754357060588,1,4,87,0.92,0.581,0.55,0.3,0.1,0.05,0.0,77,366.9282143571286,171.9372272491455,15,0.5964833577473958,572.6240234375,23.583183158051035,1,5,88,0.0,0.5349999999999999,0.5,0.3,0.1,0.1,0.0
110,MultiAgentRL_mlp_ppo,0,NOOP,0.112009,0.0,0.109885,0,77,366.9282143571286,171.9372272491455,15,0.5964833577473958,572.6240234375,23.583183158051035,1,5,88,0.0,0.5349999999999999,0.5,0.3,0.1,0.1,0.0,95,340.53112955192245,126.22570991516113,16,0.5700454711914062,583.7265625,23.767539267908287,1,6,89,0.0,0.5349999999999999,0.5,0.25,0.1,0.1,0.05
111,MultiAgentRL_mlp_ppo,0,NOOP,0.107075,-0.0115,0.104918,0,95,340.53112955192245,126.22570991516113,16,0.5700454711914062,583.7265625,23.767539267908287,1,6,89,0.0,0.5349999999999999,0.5,0.25,0.1,0.1,0.05,85,460.6326343398323,129.09579277038574,17,0.5459998635684743,594.0478515625,23.871542482875885,1,7,90,0.0,0.489,0.45,0.3,0.1,0.1,0.05
112,MultiAgentRL_mlp_ppo,1,COMPACT_32KB,0.136316,-0.0565,0.149393,0,85,460.6326343398323,129.09579277038574,17,0.5459998635684743,594.0478515625,23.871542482875885,1,7,90,0.0,0.489,0.45,0.3,0.1,0.1,0.05,51,209.43246617066958,77.01921463012695,12,0.7606684366861979,584.193359375,14.693735689108275,1,0,91,0.0,0.44299999999999995,0.4,0.3,0.1,0.1,0.1
113,MultiAgentRL_mlp_ppo,0,NOOP,0.14113,0.0,0.13935,0,51,209.43246617066958,77.01921463012695,12,0.7606684366861979,584.193359375,14.693735689108275,1,0,91,0.0,0.44299999999999995,0.4,0.3,0.1,0.1,0.1,78,353.14049597481915,105.24940490722656,13,0.713775634765625,593.861328125,17.748312507254415,1,1,92,0.0,0.44299999999999995,0.4,0.3,0.1,0.1,0.1
114,MultiAgentRL_mlp_ppo,0,NOOP,0.13245,-0.0115,0.13066,0,78,353.14049597481915,105.24940490722656,13,0.713775634765625,593.861328125,17.748312507254415,1,1,92,0.0,0.44299999999999995,0.4,0.3,0.1,0.1,0.1,52,239.48713534026123,107.00249671936035,14,0.6710008893694196,601.216796875,19.892026831874677,1,2,93,0.0,0.39699999999999996,0.35,0.35,0.1,0.1,0.1
115,MultiAgentRL_mlp_ppo,0,NOOP,0.125603,-0.0115,0.122886,0,52,239.48713534026123,107.00249671936035,14,0.6710008893694196,601.216796875,19.892026831874677,1,2,93,0.0,0.39699999999999996,0.35,0.35,0.1,0.1,0.1,91,491.896481553318,154.58917617797852,15,0.6373911539713542,611.8955078125,20.900537513874937,1,3,94,0.0,0.351,0.3,0.4,0.1,0.1,0.1
116,MultiAgentRL_mlp_ppo,0,NOOP,0.119058,-0.0115,0.116127,0,91,491.896481553318,154.58917617797852,15,0.6373911539713542,611.8955078125,20.900537513874937,1,3,94,0.0,0.351,0.3,0.4,0.1,0.1,0.1,59,199.33395518480748,166.55588150024414,16,0.6052894592285156,619.81640625,21.80014642701275,1,4,95,0.0,0.305,0.25,0.45,0.1,0.1,0.1
117,MultiAgentRL_mlp_ppo,0,NOOP,0.113258,-0.0115,0.111141,0,59,199.33395518480748,166.55588150024414,16,0.6052894592285156,619.81640625,21.80014642701275,1,4,95,0.0,0.305,0.25,0.45,0.1,0.1,0.1,57,242.6234533822622,127.08544731140137,17,0.5769159653607536,627.6845703125,22.396452525477166,1,5,96,0.0,0.259,0.2,0.5,0.1,0.1,0.1
118,MultiAgentRL_mlp_ppo,0,NOOP,0.108225,-0.0115,0.10548,0,57,242.6234533822622,127.08544731140137,17,0.5769159653607536,627.6845703125,22.396452525477166,1,5,96,0.0,0.259,0.2,0.5,0.1,0.1,0.1,67,279.1921720029288,159.74950790405273,18,0.5523766411675347,636.337890625,22.726472470028114,1,6,97,0.0,0.213,0.15,0.55,0.1,0.1,0.1
119,MultiAgentRL_mlp_ppo,4,PARTITION_HOUR,-0.350932,-0.2615,0.101453,0,67,279.1921720029288,159.74950790405273,18,0.5523766411675347,636.337890625,22.726472470028114,1,6,97,0.0,0.213,0.15,0.55,0.1,0.1,0.1,60,333.7239670013301,131.80255889892578,19,0.5299433657997533,644.4111328125,22.955687569965274,1,7,98,0.0,0.16699999999999998,0.1,0.6,0.1,0.1,0.1
120,MultiAgentRL_mlp_ppo,7,REMOVE_PARTITION,0.035858,-0.0465,0.096259,0,60,333.7239670013301,131.80255889892578,19,0.5299433657997533,644.4111328125,22.955687569965274,1,7,98,0.0,0.16699999999999998,0.1,0.6,0.1,0.1,0.1,63,260.4562024657675,186.7682933807373,20,0.50997314453125,652.765625,23.062939093320093,0,8,0,0.0,0.121,0.05,0.65,0.1,0.1,0.1
121,MultiAgentRL_mlp_ppo,1,COMPACT_32KB,0.118362,-0.073965,0.130357,0,63,260.4562024657675,186.7682933807373,20,0.50997314453125,652.765625,23.062939093320093,0,8,0,0.0,0.121,0.05,0.65,0.1,0.1,0.1,89,393.6125148543248,134.92560386657715,15,0.6727752685546875,645.8642578125,17.831297869486974,0,0,1,0.0,0.08349999999999999,0.05,0.7,0.05,0.1,0.1
122,MultiAgentRL_mlp_ppo,0,NOOP,0.119238,-0.01861,0.117854,0,89,393.6125148543248,134.92560386657715,15,0.6727752685546875,645.8642578125,17.831297869486974,0,0,1,0.0,0.08349999999999999,0.05,0.7,0.05,0.1,0.1,100,402.42126057910303,90.42954444885254,17,0.6068142161649817,660.2138671875,20.499338314482436,0,1,2,0.0,0.08349999999999999,0.05,0.65,0.05,0.1,0.15
123,MultiAgentRL_mlp_ppo,0,NOOP,0.113694,-0.018083,0.111577,0,100,402.42126057910303,90.42954444885254,17,0.6068142161649817,660.2138671875,20.499338314482436,0,1,2,0.0,0.08349999999999999,0.05,0.65,0.05,0.1,0.15,55,241.08772670552997,128.3411979675293,18,0.5797203911675347,667.837890625,21.2043813049509,0,2,3,0.0,0.08349999999999999,0.05,0.7,0.05,0.05,0.15
124,MultiAgentRL_mlp_ppo,0,NOOP,0.10879,-0.017526,0.105341,0,55,241.08772670552997,128.3411979675293,18,0.5797203911675347,667.837890625,21.2043813049509,0,2,3,0.0,0.08349999999999999,0.05,0.7,0.05,0.05,0.15,59,258.0983628442726,196.2442398071289,19,0.5558270906147204,675.8857421875,21.658151002298755,0,3,4,0.0,0.08349999999999999,0.05,0.7,0.05,0.05,0.15
125,MultiAgentRL_mlp_ppo,0,NOOP,0.104854,-0.01663,0.101589,0,59,258.0983628442726,196.2442398071289,19,0.5558270906147204,675.8857421875,21.658151002298755,0,3,4,0.0,0.08349999999999999,0.05,0.7,0.05,0.05,0.15,97,342.41723399903884,188.25960159301758,20,0.5367698669433594,687.0654296875,21.77472947304318,0,4,5,0.0,0.08349999999999999,0.05,0.7,0.05,0.05,0.15
126,MultiAgentRL_mlp_ppo,1,COMPACT_32KB,0.11679,-0.061025,0.129286,0,97,342.41723399903884,188.25960159301758,20,0.5367698669433594,687.0654296875,21.77472947304318,0,4,5,0.0,0.08349999999999999,0.05,0.7,0.05,0.05,0.15,67,346.3222829650151,111.07087135314941,16,0.6655387878417969,681.51171875,16.702626314203737,0,0,6,0.0,0.08349999999999999,0.05,0.7,0.05,0.05,0.15
127,MultiAgentRL_mlp_ppo,0,NOOP,0.125091,-0.024613,0.12313,0,67,346.3222829650151,111.07087135314941,16,0.6655387878417969,681.51171875,16.702626314203737,0,0,6,0.0,0.08349999999999999,0.05,0.7,0.05,0.05,0.15,89,471.3968735438263,119.30489540100098,17,0.6360814711626839,692.056640625,17.943345212504287,0,1,7,0.0,0.046,0.05,0.75,0.0,0.05,0.15
128,MultiAgentRL_mlp_ppo,0,NOOP,0.119612,-0.026047,0.117644,0,89,471.3968735438263,119.30489540100098,17,0.6360814711626839,692.056640625,17.943345212504287,0,1,7,0.0,0.046,0.05,0.75,0.0,0.05,0.15,80,418.18733813738663,120.93734741210938,18,0.6093114217122396,701.9267578125,18.86427060800433,0,2,8,0.0,0.0,0.0,0.8,0.0,0.05,0.15
129,MultiAgentRL_mlp_ppo,0,NOOP,0.114493,-0.013987,0.112346,0,80,418.18733813738663,120.93734741210938,18,0.6093114217122396,701.9267578125,18.86427060800433,0,2,8,0.0,0.0,0.0,0.8,0.0,0.05,0.15,66,362.01957979039213,131.11543655395508,19,0.5843393426192435,710.556640625,19.61178424340941,0,3,9,0.0,0.0,0.0,0.85,0.0,0.0,0.15
130,MultiAgentRL_mlp_ppo,0,NOOP,0.109754,-0.013512,0.106613,0,66,362.01957979039213,131.11543655395508,19,0.5843393426192435,710.556640625,19.61178424340941,0,3,9,0.0,0.0,0.0,0.85,0.0,0.0,0.15,57,309.3140540883221,182.04116821289062,20,0.5612678527832031,718.4228515625,20.198621463687655,0,4,10,0.0,0.0,0.0,0.9,0.0,0.0,0.1
131,MultiAgentRL_mlp_ppo,0,NOOP,0.105801,-0.012816,0.102857,0,57,309.3140540883221,182.04116821289062,20,0.5612678527832031,718.4228515625,20.198621463687655,0,4,10,0.0,0.0,0.0,0.9,0.0,0.0,0.1,85,322.93452465063024,173.43878746032715,21,0.5421287899925595,728.62109375,20.471762863725964,0,5,11,0.0,0.0,0.0,0.9,0.0,0.0,0.1
132,MultiAgentRL_mlp_ppo,0,NOOP,0.098071,-0.012016,0.095813,0,85,322.93452465063024,173.43878746032715,21,0.5421287899925595,728.62109375,20.471762863725964,0,5,11,0.0,0.0,0.0,0.9,0.0,0.0,0.1,100,402.7083389341004,141.65544509887695,23,0.5047295611837636,742.9619140625,21.06854171989108,0,6,12,0.0,0.0,0.0,0.95,0.0,0.0,0.05
133,MultiAgentRL_mlp_ppo,0,NOOP,0.095051,-0.01136,0.092464,0,100,402.7083389341004,141.65544509887695,23,0.5047295611837636,742.9619140625,21.06854171989108,0,6,12,0.0,0.0,0.0,0.95,0.0,0.0,0.05,84,445.5671572706601,159.32464599609375,24,0.4902534484863281,753.029296875,21.09939675790336,0,7,13,0.0,0.0,0.0,0.95,0.0,0.0,0.05
134,MultiAgentRL_mlp_ppo,0,NOOP,0.091908,-0.010969,0.087973,0,84,445.5671572706601,159.32464599609375,24,0.4902534484863281,753.029296875,21.09939675790336,0,7,13,0.0,0.0,0.0,0.95,0.0,0.0,0.05,51,220.2366836856037,227.98871994018555,25,0.4751641845703125,760.2626953125,21.21203013019411,0,8,14,0.0,0.0,0.0,0.95,0.0,0.0,0.05
135,MultiAgentRL_mlp_ppo,0,NOOP,0.089162,-0.010469,0.085783,0,51,220.2366836856037,227.98871994018555,25,0.4751641845703125,760.2626953125,21.21203013019411,0,8,14,0.0,0.0,0.0,0.95,0.0,0.0,0.05,66,234.17197963016224,201.45344734191895,26,0.46206019474909854,768.8681640625,21.21883894066231,0,9,15,0.0,0.0,0.0,0.9,0.0,0.05,0.05
136,MultiAgentRL_mlp_ppo,0,NOOP,0.0869,-0.009764,0.084219,0,66,234.17197963016224,201.45344734191895,26,0.46206019474909854,768.8681640625,21.21883894066231,0,9,15,0.0,0.0,0.0,0.9,0.0,0.05,0.05,95,375.9241092698206,167.79446601867676,27,0.4513736300998264,779.9736328125,21.1081059677568,0,10,16,0.0,0.0,0.0,0.9,0.0,0.05,0.05
137,MultiAgentRL_mlp_ppo,0,NOOP,0.084488,-0.009299,0.081329,0,95,375.9241092698206,167.79446601867676,27,0.4513736300998264,779.9736328125,21.1081059677568,0,10,16,0.0,0.0,0.0,0.9,0.0,0.05,0.05,64,345.11123481820414,192.9337978363037,28,0.43993922642299105,788.37109375,21.072378993808417,0,11,17,0.0,0.0,0.05,0.85,0.0,0.05,0.05
138,MultiAgentRL_mlp_ppo,0,NOOP,0.082141,-0.008912,0.079379,0,64,345.11123481820414,192.9337978363037,28,0.43993922642299105,788.37109375,21.072378993808417,0,11,17,0.0,0.0,0.05,0.85,0.0,0.05,0.05,54,277.43673679375286,174.36456680297852,29,0.42883142931707974,795.9111328125,21.043819656565642,0,12,18,0.0,0.0,0.05,0.8,0.0,0.1,0.05
139,MultiAgentRL_mlp_ppo,1,COMPACT_32KB,0.11052,-0.053375,0.121324,0,54,277.43673679375286,174.36456680297852,29,0.42883142931707974,795.9111328125,21.043819656565642,0,12,18,0.0,0.0,0.05,0.8,0.0,0.1,0.05,76,318.7983462379313,199.4318962097168,19,0.6360642282586348,773.4541015625,15.767846167316128,0,0,19,0.0,0.0,0.05,0.75,0.0,0.15,0.05
140,MultiAgentRL_mlp_ppo,0,NOOP,0.11963,-0.007952,0.116861,0,76,318.7983462379313,199.4318962097168,19,0.6360642282586348,773.4541015625,15.767846167316128,0,0,19,0.0,0.0,0.05,0.75,0.0,0.15,0.05,61,212.81249396961016,163.42926025390625,20,0.6106498718261719,781.6318359375,16.98383692718073,0,1,20,0.0,0.0,0.05,0.75,0.0,0.15,0.05
141,MultiAgentRL_mlp_ppo,5,PARTITION_REGION,-0.067068,-0.107609,0.112401,0,61,212.81249396961016,163.42926025390625,20,0.6106498718261719,781.6318359375,16.98383692718073,0,1,20,0.0,0.0,0.05,0.75,0.0,0.15,0.05,50,170.9379304723479,143.7373161315918,21,0.5868777320498512,788.763671875,17.962101238595416,2,2,0,0.0,0.0,0.05,0.75,0.0,0.15,0.05
142,MultiAgentRL_mlp_ppo,0,NOOP,0.101741,-0.057639,0.101467,0,50,170.9379304723479,143.7373161315918,21,0.5868777320498512,788.763671875,17.962101238595416,2,2,0,0.0,0.0,0.05,0.75,0.0,0.15,0.05,85,292.071444136957,143.7056064605713,24,0.5237064361572266,804.4130859375,20.004483259115702,2,3,1,0.00666705689534067,0.0003333528447670335,0.05,0.8,0.0,0.15,0.0
143,MultiAgentRL_mlp_ppo,0,NOOP,0.091574,-0.060357,0.089101,0,85,292.071444136957,143.7056064605713,24,0.5237064361572266,804.4130859375,20.004483259115702,2,3,1,0.00666705689534067,0.0003333528447670335,0.05,0.8,0.0,0.15,0.0,88,314.69519139688134,157.40275382995605,27,0.4747455738208912,820.3603515625,20.873560136569317,2,4,2,0.0,0.0003333528447670335,0.05,0.75,0.0,0.2,0.0
144,MultiAgentRL_mlp_ppo,0,NOOP,0.083249,-0.059483,0.080551,0,88,314.69519139688134,157.40275382995605,27,0.4747455738208912,820.3603515625,20.873560136569317,2,4,2,0.0,0.0003333528447670335,0.05,0.75,0.0,0.2,0.0,76,289.71927050102613,172.3918914794922,30,0.43499552408854164,835.19140625,21.2354942731764,2,5,3,0.0,0.0003333528447670335,0.05,0.7,0.0,0.25,0.0
145,MultiAgentRL_mlp_ppo,0,NOOP,0.07632,-0.058691,0.07363,0,76,289.71927050102613,172.3918914794922,30,0.43499552408854164,835.19140625,21.2354942731764,2,5,3,0.0,0.0003333528447670335,0.05,0.7,0.0,0.25,0.0,70,234.72723071843328,175.75883865356445,33,0.4022235292376894,849.49609375,21.308916240538633,2,6,4,0.0,0.0003333528447670335,0.05,0.65,0.0,0.25,0.05
146,MultiAgentRL_mlp_ppo,1,COMPACT_32KB,0.095098,0.285374,0.307997,0,70,234.72723071843328,175.75883865356445,33,0.4022235292376894,849.49609375,21.308916240538633,2,6,4,0.0,0.0003333528447670335,0.05,0.65,0.0,0.25,0.05,56,198.38041610043302,149.73926544189453,23,0.5614577583644701,826.4658203125,16.003730318576924,2,0,5,0.67,0.03383335284476703,0.05,0.65,0.0,0.25,0.05
147,MultiAgentRL_mlp_ppo,0,NOOP,0.097635,0.330854,0.296756,0,56,198.38041610043302,149.73926544189453,23,0.5614577583644701,826.4658203125,16.003730318576924,2,0,5,0.67,0.03383335284476703,0.05,0.65,0.0,0.25,0.05,54,221.94520268734175,126.44815444946289,26,0.5044232881986178,839.3603515625,18.210617699842185,2,1,6,0.67,0.06733335284476703,0.05,0.65,0.0,0.25,0.05
148,MultiAgentRL_mlp_ppo,0,NOOP,0.088169,0.331287,0.287278,0,54,221.94520268734175,126.44815444946289,26,0.5044232881986178,839.3603515625,18.210617699842185,2,1,6,0.67,0.06733335284476703,0.05,0.65,0.0,0.25,0.05,50,177.4857416580554,130.7978630065918,29,0.45896964237607757,851.84765625,19.289189396561394,2,2,7,0.67,0.10083335284476705,0.05,0.65,0.0,0.25,0.05
149,MultiAgentRL_mlp_ppo,0,NOOP,0.080508,-0.04507,0.075294,0,50,177.4857416580554,130.7978630065918,29,0.45896964237607757,851.84765625,19.289189396561394,2,2,7,0.67,0.10083335284476705,0.05,0.65,0.0,0.25,0.05,62,298.618161440642,300.6761074066162,32,0.42253780364990234,865.357421875,19.758134575497348,2,3,8,0.0,0.10083335284476705,0.05,0.6,0.05,0.25,0.05
150,MultiAgentRL_mlp_ppo,0,NOOP,0.074223,0.332451,0.272355,0,62,298.618161440642,300.6761074066162,32,0.42253780364990234,865.357421875,19.758134575497348,2,3,8,0.0,0.10083335284476705,0.05,0.6,0.05,0.25,0.05,77,301.4634466896665,187.1781349182129,35,0.39299229213169645,880.302734375,19.880547791290628,2,4,9,0.67,0.13433335284476705,0.05,0.6,0.05,0.25,0.05
151,MultiAgentRL_mlp_ppo,1,COMPACT_32KB,-0.250151,-0.08782,0.098603,0,77,301.4634466896665,187.1781349182129,35,0.39299229213169645,880.302734375,19.880547791290628,2,4,9,0.67,0.13433335284476705,0.05,0.6,0.05,0.25,0.05,198,432.2622579471514,185.73331832885742,26,0.5245877779447116,872.9140625,16.522548945239546,2,0,10,0.0,0.13433335284476705,0.1,0.55,0.05,0.25,0.05
152,MultiAgentRL_mlp_ppo,0,NOOP,0.077256,0.33549,0.275565,0,198,432.2622579471514,185.73331832885742,26,0.5245877779447116,872.9140625,16.522548945239546,2,0,10,0.0,0.13433335284476705,0.1,0.55,0.05,0.25,0.05,194,545.2605037174036,178.29227447509766,35,0.4081556047712054,914.2685546875,19.136210442736807,2,1,11,0.67,0.16783335284476703,0.1,0.55,0.05,0.25,0.05
153,MultiAgentRL_mlp_ppo,0,NOOP,0.062111,-0.040268,0.05095,0,194,545.2605037174036,178.29227447509766,35,0.4081556047712054,914.2685546875,19.136210442736807,2,1,11,0.67,0.16783335284476703,0.1,0.55,0.05,0.25,0.05,153,422.54925538632534,613.0399703979492,44,0.3380553505637429,951.9638671875,19.227790226523265,2,2,12,0.0,0.16783335284476703,0.1,0.5,0.1,0.25,0.05
154,MultiAgentRL_mlp_ppo,0,NOOP,0.049045,0.338169,0.247971,0,153,422.54925538632534,613.0399703979492,44,0.3380553505637429,951.9638671875,19.227790226523265,2,2,12,0.0,0.16783335284476703,0.1,0.5,0.1,0.25,0.05,227,553.1437681007864,173.7051010131836,56,0.2802257537841797,1004.3291015625,18.446902682756665,2,3,13,0.67,0.20133335284476703,0.1,0.5,0.1,0.25,0.05
155,MultiAgentRL_mlp_ppo,0,NOOP,0.040127,0.339725,0.239246,0,227,553.1437681007864,173.7051010131836,56,0.2802257537841797,1004.3291015625,18.446902682756665,2,3,13,0.67,0.20133335284476703,0.1,0.5,0.1,0.25,0.05,244,535.6017641083397,179.03614044189453,68,0.2431337693158318,1058.1181640625,17.497840364580668,2,4,14,0.67,0.23483335284476703,0.1,0.55,0.1,0.2,0.05
156,MultiAgentRL_mlp_ppo,0,NOOP,0.03042,0.341519,0.229629,0,244,535.6017641083397,179.03614044189453,68,0.2431337693158318,1058.1181640625,17.497840364580668,2,4,14,0.67,0.23483335284476703,0.1,0.55,0.1,0.2,0.05,300,677.751935562754,197.07393646240234,86,0.20585241983103197,1133.01171875,16.223404836945765,2,5,15,0.67,0.268333352844767,0.1,0.55,0.1,0.2,0.05
157,MultiAgentRL_mlp_ppo,3,COMPACT_128KB,0.54875,-0.074227,0.196813,0,300,677.751935562754,197.07393646240234,86,0.20585241983103197,1133.01171875,16.223404836945765,2,5,15,0.67,0.268333352844767,0.1,0.55,0.1,0.2,0.05,193,543.4316468281273,109.3599796295166,10,1.4617294311523437,935.5068359375,57.729684988590755,2,0,16,0.0,0.268333352844767,0.05,0.55,0.1,0.2,0.1
158,MultiAgentRL_mlp_ppo,0,NOOP,0.122004,0.357647,0.321725,0,193,543.4316468281273,109.3599796295166,10,1.4617294311523437,935.5068359375,57.729684988590755,2,0,16,0.0,0.268333352844767,0.05,0.55,0.1,0.2,0.1,285,537.943991348806,95.2301025390625,25,0.62564697265625,1001.03515625,56.90725934053305,2,1,17,0.67,0.3018333528447671,0.05,0.6,0.1,0.15,0.1
159,MultiAgentRL_mlp_ppo,0,NOOP,0.084215,0.357748,0.2837,0,285,537.943991348806,95.2301025390625,25,0.62564697265625,1001.03515625,56.90725934053305,2,1,17,0.67,0.3018333528447671,0.05,0.6,0.1,0.15,0.1,209,562.8329696082492,122.00093269348145,37,0.44420108279666387,1051.8681640625,49.4750344646424,2,2,18,0.67,0.335333352844767,0.05,0.65,0.1,0.1,0.1
160,MultiAgentRL_mlp_ppo,0,NOOP,0.064277,0.357704,0.264291,0,209,562.8329696082492,122.00093269348145,37,0.44420108279666387,1051.8681640625,49.4750344646424,2,2,18,0.67,0.335333352844767,0.05,0.65,0.1,0.1,0.1,224,617.8079958546442,110.57662963867188,49,0.35201061015226404,1103.9052734375,44.10835802471087,2,3,19,0.67,0.36883335284476704,0.05,0.65,0.1,0.1,0.1
161,MultiAgentRL_mlp_ppo,0,NOOP,0.049118,-0.019131,0.041846,0,224,617.8079958546442,110.57662963867188,49,0.35201061015226404,1103.9052734375,44.10835802471087,2,3,19,0.67,0.36883335284476704,0.05,0.65,0.1,0.1,0.1,289,750.0204843453097,443.5877799987793,64,0.28559041023254395,1169.7783203125,39.273531438585984,2,4,20,0.0,0.36883335284476704,0.1,0.6,0.1,0.1,0.1
162,MultiAgentRL_mlp_ppo,0,NOOP,0.042732,0.357716,0.242624,0,289,750.0204843453097,443.5877799987793,64,0.28559041023254395,1169.7783203125,39.273531438585984,2,4,20,0.0,0.36883335284476704,0.1,0.6,0.1,0.1,0.1,194,484.38751478560795,146.651029586792,73,0.2592842415587543,1211.3759765625,37.01485004530464,2,5,21,0.67,0.402,0.1,0.6,0.1,0.1,0.1
163,MultiAgentRL_mlp_ppo,0,NOOP,0.03588,0.357854,0.235982,0,194,484.38751478560795,146.651029586792,73,0.2592842415587543,1211.3759765625,37.01485004530464,2,5,21,0.67,0.402,0.1,0.6,0.1,0.1,0.1,239,604.5663115639957,151.15094184875488,85,0.23252366009880515,1264.9287109375,34.532368948026914,2,6,22,0.67,0.43550000000000005,0.1,0.65,0.1,0.05,0.1
164,MultiAgentRL_mlp_ppo,0,NOOP,0.029042,0.357865,0.229341,0,239,604.5663115639957,151.15094184875488,85,0.23252366009880515,1264.9287109375,34.532368948026914,2,6,22,0.67,0.43550000000000005,0.1,0.65,0.1,0.05,0.1,273,673.9126549349655,160.08353233337402,100,0.20771102905273436,1329.3505859375,32.036213065493826,2,7,23,0.67,0.46900000000000003,0.1,0.7,0.1,0.0,0.1
165,MultiAgentRL_mlp_ppo,0,NOOP,0.023526,0.357912,0.223979,0,273,673.9126549349655,160.08353233337402,100,0.20771102905273436,1329.3505859375,32.036213065493826,2,7,23,0.67,0.46900000000000003,0.1,0.7,0.1,0.0,0.1,282,729.5400061802753,171.12064361572266,115,0.18950619904891305,1394.765625,30.00764638829046,2,8,24,0.67,0.5025000000000001,0.1,0.75,0.1,0.0,0.05
166,MultiAgentRL_mlp_ppo,0,NOOP,0.020593,0.349543,0.219739,0,282,729.5400061802753,171.12064361572266,115,0.18950619904891305,1394.765625,30.00764638829046,2,8,24,0.67,0.5025000000000001,0.1,0.75,0.1,0.0,0.05,150,456.8935379413467,247.73025512695312,124,0.18046655962544103,1432.1826171875,28.963944588349555,2,9,25,0.67,0.5025000000000001,0.1,0.75,0.1,0.0,0.05
167,MultiAgentRL_mlp_ppo,0,NOOP,0.017154,0.349584,0.216875,0,150,456.8935379413467,247.73025512695312,124,0.18046655962544103,1432.1826171875,28.963944588349555,2,9,25,0.67,0.5025000000000001,0.1,0.75,0.1,0.0,0.05,246,573.0776405036069,233.92939567565918,136,0.17076772802016316,1486.3623046875,27.719954089167594,2,10,26,0.67,0.5025000000000001,0.1,0.75,0.1,0.0,0.05
168,MultiAgentRL_mlp_ppo,0,NOOP,0.01395,0.349671,0.213467,0,246,573.0776405036069,233.92939567565918,136,0.17076772802016316,1486.3623046875,27.719954089167594,2,10,26,0.67,0.5025000000000001,0.1,0.75,0.1,0.0,0.05,205,544.3454710171306,259.1402530670166,148,0.16224959089949326,1536.828125,26.628675965365556,2,11,27,0.67,0.5025000000000001,0.1,0.75,0.1,0.0,0.05
169,MultiAgentRL_mlp_ppo,0,NOOP,0.011076,0.358014,0.209045,0,205,544.3454710171306,259.1402530670166,148,0.16224959089949326,1536.828125,26.628675965365556,2,11,27,0.67,0.5025000000000001,0.1,0.75,0.1,0.0,0.05,248,673.7466793187316,351.50957107543945,160,0.15537843704223633,1591.0751953125,25.651913365541066,2,12,28,0.67,0.536,0.1,0.8,0.05,0.0,0.05
170,MultiAgentRL_mlp_ppo,0,NOOP,0.008367,0.349595,0.208338,0,248,673.7466793187316,351.50957107543945,160,0.15537843704223633,1591.0751953125,25.651913365541066,2,12,28,0.67,0.536,0.1,0.8,0.05,0.0,0.05,231,549.8023391806229,266.4492130279541,172,0.1493328005768532,1643.85546875,24.776954503001388,2,13,29,0.67,0.536,0.1,0.8,0.05,0.0,0.05
171,MultiAgentRL_mlp_ppo,0,NOOP,0.005139,0.357919,0.205789,0,231,549.8023391806229,266.4492130279541,172,0.1493328005768532,1643.85546875,24.776954503001388,2,13,29,0.67,0.536,0.1,0.8,0.05,0.0,0.05,250,524.2117271936933,251.2354850769043,187,0.14256906764392546,1706.2666015625,23.803125363617852,2,14,30,0.67,0.5695,0.05,0.85,0.05,0.0,0.05
172,MultiAgentRL_mlp_ppo,0,NOOP,0.002731,0.349612,0.203336,0,250,524.2117271936933,251.2354850769043,187,0.14256906764392546,1706.2666015625,23.803125363617852,2,14,30,0.67,0.5695,0.05,0.85,0.05,0.0,0.05,219,626.0334419713506,268.4943675994873,199,0.1380303924407192,1757.955078125,23.09969046207366,2,15,31,0.67,0.5695,0.05,0.85,0.05,0.0,0.05
173,MultiAgentRL_mlp_ppo,0,NOOP,0.000448,0.358029,0.197934,0,219,626.0334419713506,268.4943675994873,199,0.1380303924407192,1757.955078125,23.09969046207366,2,15,31,0.67,0.5695,0.05,0.85,0.05,0.0,0.05,235,634.2643834743759,439.4528865814209,211,0.13411643945775326,1811.1083984375,22.453860024657846,2,16,32,0.67,0.603,0.05,0.9,0.0,0.0,0.05
174,MultiAgentRL_mlp_ppo,1,COMPACT_32KB,-0.247745,-0.072217,0.093173,0,235,634.2643834743759,439.4528865814209,211,0.13411643945775326,1811.1083984375,22.453860024657846,2,16,32,0.67,0.603,0.05,0.9,0.0,0.0,0.05,150,395.5211466830119,593.7979221343994,39,0.5447426820412661,1359.677734375,30.65069415672927,2,0,33,0.0,0.5695,0.05,0.85,0.05,0.0,0.05
175,MultiAgentRL_mlp_ppo,0,NOOP,0.08014,0.349719,0.279998,0,150,395.5211466830119,593.7979221343994,39,0.5447426820412661,1359.677734375,30.65069415672927,2,0,33,0.0,0.5695,0.05,0.85,0.05,0.0,0.05,226,568.9612104383986,120.84388732910156,51,0.4325729070925245,1411.91796875,29.74745959246711,2,1,34,0.67,0.5695,0.05,0.85,0.05,0.0,0.05
176,MultiAgentRL_mlp_ppo,0,NOOP,0.064782,-0.027097,0.059515,0,226,568.9612104383986,120.84388732910156,51,0.4325729070925245,1411.91796875,29.74745959246711,2,1,34,0.67,0.5695,0.05,0.85,0.05,0.0,0.05,233,650.5740575301064,342.0863151550293,63,0.3632829454210069,1464.7568359375,28.259949726410238,2,2,35,0.0,0.536,0.05,0.8,0.05,0.05,0.05
177,MultiAgentRL_mlp_ppo,0,NOOP,0.053802,0.358108,0.25415,0,233,650.5740575301064,342.0863151550293,63,0.3632829454210069,1464.7568359375,28.259949726410238,2,2,35,0.0,0.536,0.05,0.8,0.05,0.05,0.05,217,619.7190169077916,126.35612487792969,75,0.3158837890625,1516.2421875,26.7988348002611,2,3,36,0.67,0.5695,0.05,0.85,0.05,0.05,0.0
178,MultiAgentRL_mlp_ppo,0,NOOP,0.047383,-0.02712,0.043977,0,217,619.7190169077916,126.35612487792969,75,0.3158837890625,1516.2421875,26.7988348002611,2,3,36,0.67,0.5695,0.05,0.85,0.05,0.05,0.0,174,507.3917102465735,275.26307106018066,84,0.2894129071916853,1555.8837890625,25.77905844678593,2,4,37,0.0,0.536,0.05,0.8,0.05,0.05,0.05
179,MultiAgentRL_mlp_ppo,0,NOOP,0.040342,-0.027112,0.031839,0,174,507.3917102465735,275.26307106018066,84,0.2894129071916853,1555.8837890625,25.77905844678593,2,4,37,0.0,0.536,0.05,0.8,0.05,0.05,0.05,224,496.0153990485407,545.1560020446777,96,0.2617122332255046,1607.9599609375,24.55426493310172,2,5,38,0.0,0.5025000000000001,0.1,0.75,0.05,0.05,0.05
180,MultiAgentRL_mlp_ppo,0,NOOP,0.035916,-0.027008,0.031853,0,224,496.0153990485407,545.1560020446777,96,0.2617122332255046,1607.9599609375,24.55426493310172,2,5,38,0.0,0.5025000000000001,0.1,0.75,0.05,0.05,0.05,176,533.1635832585202,334.3944549560547,105,0.24520583379836308,1647.783203125,23.722737766685384,2,6,39,0.0,0.46900000000000003,0.1,0.7,0.05,0.05,0.1
181,MultiAgentRL_mlp_ppo,0,NOOP,0.030773,0.358182,0.231243,0,176,533.1635832585202,334.3944549560547,105,0.24520583379836308,1647.783203125,23.722737766685384,2,6,39,0.0,0.46900000000000003,0.1,0.7,0.05,0.05,0.1,221,615.8214257004499,172.75023460388184,117,0.22699039817875266,1699.7041015625,22.729108958412393,2,7,40,0.67,0.5025000000000001,0.05,0.75,0.05,0.05,0.1
182,MultiAgentRL_mlp_ppo,0,NOOP,0.02635,0.349784,0.226703,0,221,615.8214257004499,172.75023460388184,117,0.22699039817875266,1699.7041015625,22.729108958412393,2,7,40,0.67,0.5025000000000001,0.05,0.75,0.05,0.05,0.1,241,669.7471448060548,193.57013702392578,129,0.21237289073855378,1753.3505859375,21.836548413919832,2,8,41,0.67,0.5025000000000001,0.05,0.75,0.05,0.05,0.1
183,MultiAgentRL_mlp_ppo,0,NOOP,0.021434,-0.027057,0.01087,0,241,669.7471448060548,193.57013702392578,129,0.21237289073855378,1753.3505859375,21.836548413919832,2,8,41,0.67,0.5025000000000001,0.05,0.75,0.05,0.05,0.1,267,517.5922559843818,708.1835269927979,144,0.1971700456407335,1817.119140625,20.85809016535125,2,9,42,0.0,0.46900000000000003,0.1,0.7,0.05,0.05,0.1
184,MultiAgentRL_mlp_ppo,0,NOOP,0.01877,-0.027024,0.005092,0,267,517.5922559843818,708.1835269927979,144,0.1971700456407335,1817.119140625,20.85809016535125,2,9,42,0.0,0.46900000000000003,0.1,0.7,0.05,0.05,0.1,159,541.9120711959383,875.1661777496338,153,0.18947526520373775,1855.341796875,20.3279769325832,2,10,43,0.0,0.43550000000000005,0.1,0.65,0.05,0.1,0.1
185,MultiAgentRL_mlp_ppo,0,NOOP,0.014707,0.349962,0.214167,0,159,541.9120711959383,875.1661777496338,153,0.18947526520373775,1855.341796875,20.3279769325832,2,10,43,0.0,0.43550000000000005,0.1,0.65,0.05,0.1,0.1,271,473.73473504512884,287.01114654541016,168,0.17853491646902903,1919.607421875,19.523392122191012,2,11,44,0.67,0.43550000000000005,0.1,0.65,0.05,0.1,0.1
186,MultiAgentRL_mlp_ppo,0,NOOP,0.010991,0.349954,0.21126,0,271,473.73473504512884,287.01114654541016,168,0.17853491646902903,1919.607421875,19.523392122191012,2,11,44,0.67,0.43550000000000005,0.1,0.65,0.05,0.1,0.1,264,648.0434301178223,265.3067111968994,183,0.16933028424372437,1983.1962890625,18.806797879676896,2,12,45,0.67,0.43550000000000005,0.1,0.65,0.05,0.1,0.1
187,MultiAgentRL_mlp_ppo,0,NOOP,0.007584,0.349899,0.20799,0,264,648.0434301178223,265.3067111968994,183,0.16933028424372437,1983.1962890625,18.806797879676896,2,12,45,0.67,0.43550000000000005,0.1,0.65,0.05,0.1,0.1,285,649.2497906218125,277.1759033203125,198,0.16166895086115057,2048.6689453125,18.159454338811667,2,13,46,0.67,0.43550000000000005,0.1,0.65,0.05,0.1,0.1
188,MultiAgentRL_mlp_ppo,0,NOOP,0.005623,-0.027022,-0.03109,0,285,649.2497906218125,277.1759033203125,198,0.16166895086115057,2048.6689453125,18.159454338811667,2,13,46,0.67,0.43550000000000005,0.1,0.65,0.05,0.1,0.1,154,462.74150219828476,2094.4454669952393,207,0.15749230131434933,2086.4580078125,17.8034677036611,2,14,47,0.0,0.402,0.1,0.6,0.1,0.1,0.1
189,MultiAgentRL_mlp_ppo,0,NOOP,0.002539,0.34988,0.202075,0,154,462.74150219828476,2094.4454669952393,207,0.15749230131434933,2086.4580078125,17.8034677036611,2,14,47,0.0,0.402,0.1,0.6,0.1,0.1,0.1,282,705.3466778221919,350.70109367370605,222,0.1514436876451647,2151.7119140625,17.249778351001027,2,15,48,0.67,0.402,0.1,0.6,0.1,0.1,0.1
190,MultiAgentRL_mlp_ppo,0,NOOP,0.000171,0.349916,0.199149,0,282,705.3466778221919,350.70109367370605,222,0.1514436876451647,2151.7119140625,17.249778351001027,2,15,48,0.67,0.402,0.1,0.6,0.1,0.1,0.1,216,423.5125908058228,393.6281204223633,234,0.14710652930104834,2203.0673828125,16.842728239827498,2,16,49,0.67,0.402,0.1,0.6,0.1,0.1,0.1
191,MultiAgentRL_mlp_ppo,0,NOOP,-0.002668,0.349902,0.19753,0,216,423.5125908058228,393.6281204223633,234,0.14710652930104834,2203.0673828125,16.842728239827498,2,16,49,0.67,0.402,0.1,0.6,0.1,0.1,0.1,272,672.9217580361561,351.34315490722656,249,0.14228667600087852,2267.48046875,16.37198015716569,2,17,50,0.67,0.402,0.1,0.6,0.1,0.1,0.1
192,MultiAgentRL_mlp_ppo,0,NOOP,-0.004847,-0.026905,-0.023146,0,272,672.9217580361561,351.34315490722656,249,0.14228667600087852,2267.48046875,16.37198015716569,2,17,50,0.67,0.402,0.1,0.6,0.1,0.1,0.1,229,622.3543282495078,1241.2042617797852,261,0.13888865503771552,2319.99609375,16.020830792051644,2,18,51,0.0,0.3685,0.1,0.55,0.1,0.15,0.1
193,MultiAgentRL_mlp_ppo,0,NOOP,-0.006463,0.35002,0.19186,0,229,622.3543282495078,1241.2042617797852,261,0.13888865503771552,2319.99609375,16.020830792051644,2,18,51,0.0,0.3685,0.1,0.55,0.1,0.15,0.1,150,406.23271166347695,471.3265895843506,270,0.13643250641999422,2357.5537109375,15.773642112485161,2,19,52,0.67,0.3685,0.1,0.55,0.1,0.15,0.1
194,MultiAgentRL_mlp_ppo,0,NOOP,-0.008561,-0.018611,-0.030716,0,150,406.23271166347695,471.3265895843506,270,0.13643250641999422,2357.5537109375,15.773642112485161,2,19,52,0.67,0.3685,0.1,0.55,0.1,0.15,0.1,211,515.6673734529218,1460.2086544036865,282,0.13344314250540226,2408.3818359375,15.461293298945543,2,20,53,0.0,0.3685,0.15,0.55,0.05,0.15,0.1
195,MultiAgentRL_mlp_ppo,0,NOOP,-0.010616,0.349922,0.189169,0,211,515.6673734529218,1460.2086544036865,282,0.13344314250540226,2408.3818359375,15.461293298945543,2,20,53,0.0,0.3685,0.15,0.55,0.05,0.15,0.1,203,477.9635062105682,428.2219409942627,294,0.13066827683221727,2458.654296875,15.16627807781322,2,21,54,0.67,0.36850000000000005,0.15,0.55,0.05,0.15,0.1
196,MultiAgentRL_mlp_ppo,0,NOOP,-0.013085,0.358313,0.187075,0,203,477.9635062105682,428.2219409942627,294,0.13066827683221727,2458.654296875,15.16627807781322,2,21,54,0.67,0.36850000000000005,0.15,0.55,0.05,0.15,0.1,297,895.6227783030229,428.2701015472412,309,0.12770194143153318,2525.43359375,14.817067603760046,2,22,55,0.67,0.402,0.15,0.6,0.05,0.1,0.1
197,MultiAgentRL_mlp_ppo,0,NOOP,-0.015013,-0.026905,-0.042891,0,297,895.6227783030229,428.2701015472412,309,0.12770194143153318,2525.43359375,14.817067603760046,2,22,55,0.67,0.402,0.15,0.6,0.05,0.1,0.1,245,781.8745886540418,1795.158863067627,321,0.1255600593543127,2579.505859375,14.553937728957216,2,23,56,0.0,0.36850000000000005,0.15,0.55,0.05,0.15,0.1
198,MultiAgentRL_mlp_ppo,0,NOOP,-0.016463,-0.018556,-0.043697,0,245,781.8745886540418,1795.158863067627,321,0.1255600593543127,2579.505859375,14.553937728957216,2,23,56,0.0,0.36850000000000005,0.15,0.55,0.05,0.15,0.1,157,549.1373390128456,1774.2321491241455,330,0.12393738717743845,2617.5576171875,14.36749405628213,2,24,57,0.0,0.3685,0.2,0.55,0.05,0.15,0.05
199,MultiAgentRL_mlp_ppo,1,COMPACT_32KB,-0.263354,-0.063512,0.085672,0,157,549.1373390128456,1774.2321491241455,330,0.12393738717743845,2617.5576171875,14.36749405628213,2,24,57,0.0,0.3685,0.2,0.55,0.05,0.15,0.05,235,638.8774709910929,217.10968017578125,62,0.4810699955109627,1908.8857421875,25.035226516281945,2,0,58,0.0,0.36850000000000005,0.15,0.55,0.05,0.15,0.1
200,MultiAgentRL_mlp_ppo,0,NOOP,0.076792,0.358371,0.273884,0,235,638.8774709910929,217.10968017578125,62,0.4810699955109627,1908.8857421875,25.035226516281945,2,0,58,0.0,0.36850000000000005,0.15,0.55,0.05,0.15,0.1,151,605.0305257023854,284.14106369018555,71,0.42833419584892163,1946.3505859375,25.01631012105299,2,1,59,0.67,0.402,0.15,0.6,0.05,0.15,0.05
201,MultiAgentRL_mlp_ppo,0,NOOP,0.064841,-0.026784,0.057707,0,151,605.0305257023854,284.14106369018555,71,0.42833419584892163,1946.3505859375,25.01631012105299,2,1,59,0.67,0.402,0.15,0.6,0.05,0.15,0.05,215,498.03902682569594,460.45541763305664,83,0.3760802487292922,1997.73828125,24.52001357506266,2,2,60,0.0,0.36850000000000005,0.2,0.55,0.05,0.15,0.05
202,MultiAgentRL_mlp_ppo,0,NOOP,0.053548,-0.026798,0.049338,0,215,498.03902682569594,460.45541763305664,83,0.3760802487292922,1997.73828125,24.52001357506266,2,2,60,0.0,0.36850000000000005,0.2,0.55,0.05,0.15,0.05,287,798.7120234246082,332.996129989624,98,0.3289897685148278,2063.423828125,23.645573248329114,2,3,61,0.0,0.3350000000000001,0.2,0.5,0.05,0.15,0.1
203,MultiAgentRL_mlp_ppo,0,NOOP,0.048041,-0.018432,0.041059,0,287,798.7120234246082,332.996129989624,98,0.3289897685148278,2063.423828125,23.645573248329114,2,3,61,0.0,0.3350000000000001,0.2,0.5,0.05,0.15,0.1,172,492.98455554393854,482.8038215637207,107,0.3070775682681075,2102.8671875,23.093297058580404,2,4,62,0.0,0.3350000000000001,0.2,0.5,0.05,0.15,0.1
204,MultiAgentRL_mlp_ppo,0,NOOP,0.04174,-0.018428,0.015586,0,172,492.98455554393854,482.8038215637207,107,0.3070775682681075,2102.8671875,23.093297058580404,2,4,62,0.0,0.3350000000000001,0.2,0.5,0.05,0.15,0.1,235,785.7100244323368,1456.4793109893799,119,0.28307682325860034,2155.9130859375,22.368022841851968,2,5,63,0.0,0.3350000000000001,0.2,0.5,0.1,0.1,0.1
205,MultiAgentRL_mlp_ppo,0,NOOP,0.037587,-0.026793,0.029324,0,235,785.7100244323368,1456.4793109893799,119,0.28307682325860034,2155.9130859375,22.368022841851968,2,5,63,0.0,0.3350000000000001,0.2,0.5,0.1,0.1,0.1,167,580.2576747900399,573.1809139251709,128,0.2679365873336792,2194.9365234375,21.849746310620766,2,6,64,0.0,0.30150000000000005,0.25,0.45,0.1,0.1,0.1
206,MultiAgentRL_mlp_ppo,0,NOOP,0.033846,-0.026781,0.023256,0,167,580.2576747900399,573.1809139251709,128,0.2679365873336792,2194.9365234375,21.849746310620766,2,6,64,0.0,0.30150000000000005,0.25,0.45,0.1,0.1,0.1,174,563.1384873225938,700.7033824920654,137,0.25485274043396444,2234.548828125,21.351699906147715,2,7,65,0.0,0.26800000000000007,0.25,0.4,0.1,0.1,0.15
207,MultiAgentRL_mlp_ppo,0,NOOP,0.030403,0.350116,0.230032,0,174,563.1384873225938,700.7033824920654,137,0.25485274043396444,2234.548828125,21.351699906147715,2,7,65,0.0,0.26800000000000007,0.25,0.4,0.1,0.1,0.15,162,458.4325386678361,251.04737281799316,146,0.2432649168249679,2273.0673828125,20.881813808265925,2,8,66,0.67,0.268,0.25,0.4,0.1,0.1,0.15
208,MultiAgentRL_mlp_ppo,0,NOOP,0.027255,-0.018354,0.003427,0,162,458.4325386678361,251.04737281799316,146,0.2432649168249679,2273.0673828125,20.881813808265925,2,8,66,0.67,0.268,0.25,0.4,0.1,0.1,0.15,176,532.1339523081803,1385.1375579833984,155,0.2331483902469758,2312.83203125,20.431147692412353,2,9,67,0.0,0.268,0.25,0.4,0.1,0.1,0.15
209,MultiAgentRL_mlp_ppo,0,NOOP,0.023377,0.35017,0.22133,0,176,532.1339523081803,1385.1375579833984,155,0.2331483902469758,2312.83203125,20.431147692412353,2,9,67,0.0,0.268,0.25,0.4,0.1,0.1,0.15,223,647.7833135834858,361.07611656188965,167,0.22125938552582336,2364.8203125,19.86965196222178,2,10,68,0.67,0.268,0.25,0.4,0.1,0.1,0.15
210,MultiAgentRL_mlp_ppo,3,COMPACT_128KB,0.5475,0.295166,0.397822,0,223,647.7833135834858,361.07611656188965,167,0.22125938552582336,2364.8203125,19.86965196222178,2,10,68,0.67,0.268,0.25,0.4,0.1,0.1,0.15,254,577.1425562459708,58.88724327087402,20,1.5406333923339843,1972.0107421875,27.628806010722872,2,0,69,0.67,0.268,0.25,0.4,0.1,0.1,0.15
211,MultiAgentRL_mlp_ppo,0,NOOP,0.193588,-0.026736,0.191681,0,254,577.1425562459708,58.88724327087402,20,1.5406333923339843,1972.0107421875,27.628806010722872,2,0,69,0.67,0.268,0.25,0.4,0.1,0.1,0.15,216,683.4468783310664,135.34045219421387,32,0.9879393577575684,2023.2998046875,51.19273015340083,2,1,70,0.0,0.23450000000000001,0.25,0.35,0.1,0.1,0.2
212,MultiAgentRL_mlp_ppo,5,PARTITION_REGION,-0.321598,-0.268323,0.12592,0,216,683.4468783310664,135.34045219421387,32,0.9879393577575684,2023.2998046875,51.19273015340083,2,1,70,0.0,0.23450000000000001,0.25,0.35,0.1,0.1,0.2,274,712.6512958685373,410.14575958251953,47,0.6941141980759641,2087.8955078125,50.36888454472859,2,2,71,0.0,0.23450000000000001,0.3,0.35,0.1,0.05,0.2
213,MultiAgentRL_mlp_ppo,5,PARTITION_REGION,-0.348606,-0.276721,0.102675,0,274,712.6512958685373,410.14575958251953,47,0.6941141980759641,2087.8955078125,50.36888454472859,2,2,71,0.0,0.23450000000000001,0.3,0.35,0.1,0.05,0.2,217,520.0027698013947,236.9678020477295,59,0.5665715104442531,2139.3740234375,47.72526969212369,2,3,72,0.0,0.201,0.3,0.3,0.1,0.05,0.25
214,MultiAgentRL_mlp_ppo,5,PARTITION_REGION,-0.370662,-0.268325,0.080113,0,217,520.0027698013947,236.9678020477295,59,0.5665715104442531,2139.3740234375,47.72526969212369,2,3,72,0.0,0.201,0.3,0.3,0.1,0.05,0.25,290,750.553751355207,280.98082542419434,74,0.4656654564110008,2205.3916015625,44.45304880089384,2,4,73,0.0,0.201,0.25,0.3,0.1,0.05,0.3
215,MultiAgentRL_mlp_ppo,0,NOOP,0.068606,-0.026775,0.050771,0,290,750.553751355207,280.98082542419434,74,0.4656654564110008,2205.3916015625,44.45304880089384,2,4,73,0.0,0.201,0.25,0.3,0.1,0.05,0.3,283,748.9615905656389,1002.9819011688232,89,0.398654037647033,2270.7333984375,41.60699458422448,2,5,74,0.0,0.16750000000000004,0.25,0.25,0.15,0.05,0.3
216,MultiAgentRL_mlp_ppo,0,NOOP,0.061445,-0.026744,0.056684,0,283,748.9615905656389,1002.9819011688232,89,0.398654037647033,2270.7333984375,41.60699458422448,2,5,74,0.0,0.16750000000000004,0.25,0.25,0.15,0.05,0.3,182,588.504513061203,360.5661392211914,98,0.36847702337771043,2311.087890625,40.0976525091391,2,6,75,0.0,0.134,0.25,0.2,0.15,0.05,0.35
217,MultiAgentRL_mlp_ppo,0,NOOP,0.051542,-0.018372,0.043557,0,182,588.504513061203,360.5661392211914,98,0.36847702337771043,2311.087890625,40.0976525091391,2,6,75,0.0,0.134,0.25,0.2,0.15,0.05,0.35,262,715.8914203072272,540.4865741729736,113,0.3283352472085868,2374.5205078125,37.89523028015222,2,7,76,0.0,0.134,0.25,0.2,0.15,0.05,0.35
218,MultiAgentRL_mlp_ppo,0,NOOP,0.046542,-0.018348,0.036624,0,262,715.8914203072272,540.4865741729736,113,0.3283352472085868,2374.5205078125,37.89523028015222,2,7,76,0.0,0.134,0.25,0.2,0.15,0.05,0.35,155,375.8825838717604,648.409366607666,122,0.308959460649334,2412.35546875,36.72491413854412,2,8,77,0.0,0.134,0.2,0.2,0.15,0.1,0.35
219,MultiAgentRL_mlp_ppo,0,NOOP,0.039377,-0.018345,0.030594,0,155,375.8825838717604,648.409366607666,122,0.308959460649334,2412.35546875,36.72491413854412,2,8,77,0.0,0.134,0.2,0.2,0.15,0.1,0.35,276,607.01336487881,610.4137897491455,137,0.28250912854271215,2477.0400390625,34.97835787585096,2,9,78,0.0,0.134,0.25,0.2,0.15,0.1,0.3
220,MultiAgentRL_mlp_ppo,0,NOOP,0.033253,-0.026734,0.01978,0,276,607.01336487881,610.4137897491455,137,0.28250912854271215,2477.0400390625,34.97835787585096,2,9,78,0.0,0.134,0.25,0.2,0.15,0.1,0.3,274,623.1080468844036,863.6467456817627,152,0.26126399793122945,2541.576171875,33.45134943871773,2,10,79,0.0,0.1005,0.3,0.15,0.15,0.1,0.3
221,MultiAgentRL_mlp_ppo,0,NOOP,0.028947,0.358496,0.229209,0,274,623.1080468844036,863.6467456817627,152,0.26126399793122945,2541.576171875,33.45134943871773,2,10,79,0.0,0.1005,0.3,0.15,0.15,0.1,0.3,238,706.6676332004349,241.92094802856445,164,0.24723639139314976,2594.9931640625,32.35626044207869,2,11,80,0.67,0.134,0.25,0.2,0.15,0.1,0.3
222,MultiAgentRL_mlp_ppo,0,NOOP,0.024986,-0.01841,0.006793,0,238,706.6676332004349,241.92094802856445,164,0.24723639139314976,2594.9931640625,32.35626044207869,2,11,80,0.67,0.134,0.25,0.2,0.15,0.1,0.3,215,642.842327526351,1129.6634674072266,176,0.23493125221946023,2646.265625,31.364028341529547,2,12,81,0.0,0.134,0.25,0.2,0.15,0.15,0.25
223,MultiAgentRL_mlp_ppo,0,NOOP,0.020509,-0.018444,0.012578,0,215,642.842327526351,1129.6634674072266,176,0.23493125221946023,2646.265625,31.364028341529547,2,12,81,0.0,0.134,0.25,0.2,0.15,0.15,0.25,296,738.2427961931719,635.3113651275635,191,0.2219191146770697,2712.7392578125,30.23696841896692,2,13,82,0.0,0.134,0.2,0.2,0.15,0.15,0.3
224,MultiAgentRL_mlp_ppo,1,COMPACT_32KB,-0.226702,-0.063413,0.120367,0,296,738.2427961931719,635.3113651275635,191,0.2219191146770697,2712.7392578125,30.23696841896692,2,13,82,0.0,0.134,0.2,0.2,0.15,0.15,0.3,182,614.6163398861206,307.4347972869873,56,0.6605799538748605,2367.5185546875,31.496895324708216,2,0,83,0.0,0.134,0.2,0.2,0.1,0.15,0.35
225,MultiAgentRL_mlp_ppo,5,PARTITION_REGION,-0.34695,-0.268404,0.095551,0,182,614.6163398861206,307.4347972869873,56,0.6605799538748605,2367.5185546875,31.496895324708216,2,0,83,0.0,0.134,0.2,0.2,0.1,0.15,0.35,171,434.5096640366012,683.4726333618164,65,0.5786024827223558,2406.986328125,32.039847571414256,2,1,84,0.0,0.134,0.15,0.2,0.15,0.15,0.35
226,MultiAgentRL_mlp_ppo,5,PARTITION_REGION,-0.360546,0.108495,0.294234,0,171,434.5096640366012,683.4726333618164,65,0.5786024827223558,2406.986328125,32.039847571414256,2,1,84,0.0,0.134,0.15,0.2,0.15,0.15,0.35,156,500.1891435700482,130.77664375305176,74,0.5162456615551098,2444.939453125,31.884499363200995,2,2,85,0.67,0.1675,0.15,0.25,0.15,0.15,0.3
227,MultiAgentRL_mlp_ppo,5,PARTITION_REGION,-0.374563,-0.276739,0.06818,0,156,500.1891435700482,130.77664375305176,74,0.5162456615551098,2444.939453125,31.884499363200995,2,2,85,0.67,0.1675,0.15,0.25,0.15,0.15,0.3,223,621.4027269628904,697.6234912872314,86,0.453664735306141,2496.970703125,31.196719843430838,2,3,86,0.0,0.134,0.15,0.2,0.2,0.15,0.3
228,MultiAgentRL_mlp_ppo,5,PARTITION_REGION,-0.383021,-0.268408,0.051102,0,223,621.4027269628904,697.6234912872314,86,0.453664735306141,2496.970703125,31.196719843430838,2,3,86,0.0,0.134,0.15,0.2,0.2,0.15,0.3,161,535.8622926883461,1139.876365661621,95,0.41699973658511513,2535.3583984375,30.549970625805265,2,4,87,0.0,0.134,0.15,0.2,0.2,0.15,0.3
229,MultiAgentRL_mlp_ppo,1,COMPACT_32KB,-0.20887,-0.071795,0.138096,0,161,535.8622926883461,1139.876365661621,95,0.41699973658511513,2535.3583984375,30.549970625805265,2,4,87,0.0,0.134,0.15,0.2,0.2,0.15,0.3,270,641.8688673256552,306.3547611236572,51,0.746615540747549,2436.953125,29.34308093917241,2,0,88,0.0,0.1005,0.15,0.15,0.2,0.2,0.3
230,MultiAgentRL_mlp_ppo,0,NOOP,0.115495,0.350073,0.316066,0,270,641.8688673256552,306.3547611236572,51,0.746615540747549,2436.953125,29.34308093917241,2,0,88,0.0,0.1005,0.15,0.15,0.2,0.2,0.3,203,609.1552550715617,100.16417503356934,63,0.6168486580016121,2487.1337890625,31.50107511206221,2,1,89,0.67,0.1005,0.15,0.15,0.2,0.2,0.3
231,MultiAgentRL_mlp_ppo,7,REMOVE_PARTITION,0.037094,-0.053401,0.098335,0,203,609.1552550715617,100.16417503356934,63,0.6168486580016121,2487.1337890625,31.50107511206221,2,1,89,0.67,0.1005,0.15,0.15,0.2,0.2,0.3,190,559.8530321945202,209.78069305419922,72,0.5486515892876519,2528.1865234375,31.651527905910754,0,2,0,0.0,0.1005,0.15,0.2,0.2,0.2,0.25
232,MultiAgentRL_mlp_ppo,0,NOOP,0.095695,-0.035011,0.092407,0,190,559.8530321945202,209.78069305419922,72,0.5486515892876519,2528.1865234375,31.651527905910754,0,2,0,0.0,0.1005,0.15,0.2,0.2,0.2,0.25,216,602.0099992823482,259.4106197357178,76,0.5259768837376645,2558.3515625,31.413389284884673,0,3,1,0.0,0.1005,0.1,0.2,0.2,0.2,0.3
233,MultiAgentRL_mlp_ppo,0,NOOP,0.092271,-0.034345,0.089743,0,216,602.0099992823482,259.4106197357178,76,0.5259768837376645,2558.3515625,31.413389284884673,0,3,1,0.0,0.1005,0.1,0.2,0.2,0.2,0.3,176,724.8387262747563,225.17633438110352,79,0.5107304053970531,2582.2529296875,31.197390533075907,0,4,2,0.0,0.1005,0.1,0.25,0.2,0.2,0.25
234,MultiAgentRL_mlp_ppo,0,NOOP,0.08901,-0.033753,0.084731,0,176,724.8387262747563,225.17633438110352,79,0.5107304053970531,2582.2529296875,31.197390533075907,0,4,2,0.0,0.1005,0.1,0.25,0.2,0.2,0.25,159,582.0089174053475,316.46728515625,82,0.4963012323146913,2604.5888671875,30.983286178727987,0,5,3,0.0,0.1005,0.1,0.3,0.2,0.2,0.2
235,MultiAgentRL_mlp_ppo,0,NOOP,0.084995,-0.032962,0.077409,0,159,582.0089174053475,316.46728515625,82,0.4963012323146913,2604.5888671875,30.983286178727987,0,5,3,0.0,0.1005,0.1,0.3,0.2,0.2,0.2,217,665.6043059034316,486.8288040161133,86,0.47872676405795783,2634.912109375,30.676196420981213,0,6,4,0.0,0.1005,0.15,0.3,0.15,0.2,0.2
236,MultiAgentRL_mlp_ppo,0,NOOP,0.081388,-0.032082,0.075029,0,217,665.6043059034316,486.8288040161133,86,0.47872676405795783,2634.912109375,30.676196420981213,0,6,4,0.0,0.1005,0.15,0.3,0.15,0.2,0.2,247,727.5314104652862,430.4499626159668,90,0.46319139268663195,2667.982421875,30.335268167233803,0,7,5,0.0,0.1005,0.2,0.3,0.15,0.2,0.15
237,MultiAgentRL_mlp_ppo,0,NOOP,0.078845,-0.031445,0.065208,0,247,727.5314104652862,430.4499626159668,90,0.46319139268663195,2667.982421875,30.335268167233803,0,7,5,0.0,0.1005,0.2,0.3,0.15,0.2,0.15,183,661.3991069412825,798.1171607971191,93,0.4523512317288306,2692.39453125,30.08018517875381,0,8,6,0.0,0.1005,0.2,0.3,0.2,0.15,0.15
238,MultiAgentRL_mlp_ppo,0,NOOP,0.074804,-0.030527,0.07099,0,183,661.3991069412825,798.1171607971191,93,0.4523512317288306,2692.39453125,30.08018517875381,0,8,6,0.0,0.1005,0.2,0.3,0.2,0.15,0.15,270,916.6170880953151,313.1740093231201,98,0.4352689470563616,2730.0068359375,29.675545824459817,0,9,7,0.0,0.1005,0.2,0.35,0.2,0.1,0.15
239,MultiAgentRL_mlp_ppo,1,COMPACT_32KB,-0.209457,-0.107009,0.137163,0,270,916.6170880953151,313.1740093231201,98,0.4352689470563616,2730.0068359375,29.675545824459817,0,9,7,0.0,0.1005,0.2,0.35,0.2,0.1,0.15,209,550.4868270173936,328.6619186401367,55,0.7461794766512784,2626.5517578125,27.531027632410968,0,0,8,0.0,0.1005,0.2,0.35,0.2,0.1,0.15
240,MultiAgentRL_mlp_ppo,0,NOOP,0.131208,-0.062228,0.122306,0,209,550.4868270173936,328.6619186401367,55,0.7461794766512784,2626.5517578125,27.531027632410968,0,0,8,0.0,0.1005,0.2,0.35,0.2,0.1,0.15,260,778.4117394289891,520.106315612793,60,0.6935422261555989,2663.2021484375,28.647435567673785,0,1,9,0.0,0.1005,0.15,0.35,0.2,0.15,0.15
241,MultiAgentRL_mlp_ppo,0,NOOP,0.121675,-0.070817,0.115776,0,260,778.4117394289891,520.106315612793,60,0.6935422261555989,2663.2021484375,28.647435567673785,0,1,9,0.0,0.1005,0.15,0.35,0.2,0.15,0.15,259,754.938459635375,376.18279457092285,65,0.6489985539362981,2699.833984375,29.25079140385676,0,2,10,0.0,0.067,0.2,0.3,0.2,0.15,0.15
242,MultiAgentRL_mlp_ppo,0,NOOP,0.116594,-0.062572,0.106017,0,259,754.938459635375,376.18279457092285,65,0.6489985539362981,2699.833984375,29.25079140385676,0,2,10,0.0,0.067,0.2,0.3,0.2,0.15,0.15,159,579.5951368869506,613.8701438903809,68,0.6254721248851103,2722.0546875,29.447440475552817,0,3,11,0.0,0.067,0.2,0.3,0.25,0.1,0.15
243,MultiAgentRL_mlp_ppo,0,NOOP,0.110549,-0.062766,0.105529,0,159,579.5951368869506,613.8701438903809,68,0.6254721248851103,2722.0546875,29.447440475552817,0,3,11,0.0,0.067,0.2,0.3,0.25,0.1,0.15,242,836.8199275980645,341.005802154541,72,0.5977446238199869,2754.4072265625,29.539572006387708,0,4,12,0.0,0.067,0.2,0.3,0.25,0.15,0.1
244,MultiAgentRL_mlp_ppo,0,NOOP,0.105072,-0.062955,0.095261,0,242,836.8199275980645,341.005802154541,72,0.5977446238199869,2754.4072265625,29.539572006387708,0,4,12,0.0,0.067,0.2,0.3,0.25,0.15,0.1,238,740.0465507297089,585.5653285980225,76,0.5728623239617598,2786.40234375,29.534798599665933,0,5,13,0.0,0.067,0.2,0.3,0.25,0.2,0.05
245,MultiAgentRL_mlp_ppo,0,NOOP,0.101347,-0.063104,0.097607,0,238,740.0465507297089,585.5653285980225,76,0.5728623239617598,2786.40234375,29.534798599665933,0,5,13,0.0,0.067,0.2,0.3,0.25,0.2,0.05,191,570.451650482395,285.7556343078613,79,0.5561090783227848,2811.6875,29.466109992339593,0,6,14,0.0,0.067,0.2,0.3,0.2,0.2,0.1
246,MultiAgentRL_mlp_ppo,0,NOOP,0.097858,-0.071625,0.084454,0,191,570.451650482395,285.7556343078613,79,0.5561090783227848,2811.6875,29.466109992339593,0,6,14,0.0,0.067,0.2,0.3,0.2,0.2,0.1,190,764.1238564526228,772.669792175293,82,0.5405375783036395,2836.7412109375,29.369552682811207,0,7,15,0.0,0.0335,0.2,0.25,0.25,0.2,0.1
247,MultiAgentRL_mlp_ppo,0,NOOP,0.094466,-0.063365,0.088606,0,190,764.1238564526228,772.669792175293,82,0.5405375783036395,2836.7412109375,29.369552682811207,0,7,15,0.0,0.0335,0.2,0.25,0.25,0.2,0.1,151,493.3671914740802,399.28436279296875,85,0.5254574046415441,2858.48828125,29.283582179716742,0,8,16,0.0,0.0335,0.2,0.3,0.2,0.2,0.1
248,MultiAgentRL_mlp_ppo,0,NOOP,0.091284,-0.063482,0.086856,0,151,493.3671914740802,399.28436279296875,85,0.5254574046415441,2858.48828125,29.283582179716742,0,8,16,0.0,0.0335,0.2,0.3,0.2,0.2,0.1,154,479.06105865861707,331.40110969543457,88,0.5114212036132812,2880.32421875,29.173367107558132,0,9,17,0.0,0.0335,0.2,0.3,0.15,0.2,0.15
249,MultiAgentRL_mlp_ppo,0,NOOP,0.088396,-0.063623,0.074907,0,154,479.06105865861707,331.40110969543457,88,0.5114212036132812,2880.32421875,29.173367107558132,0,9,17,0.0,0.0335,0.2,0.3,0.15,0.2,0.15,189,728.5043413052588,788.1588935852051,91,0.4988525725983001,2905.3173828125,29.01562993314327,0,10,18,0.0,0.0335,0.2,0.3,0.2,0.15,0.15
250,MultiAgentRL_mlp_ppo,0,NOOP,0.084762,-0.072176,0.074191,0,189,728.5043413052588,788.1588935852051,91,0.4988525725983001,2905.3173828125,29.01562993314327,0,10,18,0.0,0.0335,0.2,0.3,0.2,0.15,0.15,242,760.1586248835447,647.268533706665,95,0.48318288702713813,2937.751953125,28.79591862324797,0,11,19,0.0,0.0,0.2,0.25,0.2,0.2,0.15
251,MultiAgentRL_mlp_ppo,0,NOOP,0.083837,-0.063831,0.068841,0,242,760.1586248835447,647.268533706665,95,0.48318288702713813,2937.751953125,28.79591862324797,0,11,19,0.0,0.0,0.2,0.25,0.2,0.2,0.15,41,180.18846359378438,869.7874546051025,96,0.4791860580444336,2944.119140625,28.75339877670381,0,12,20,0.0,0.0,0.2,0.2,0.25,0.2,0.15
252,MultiAgentRL_mlp_ppo,0,NOOP,0.083036,-0.063889,0.078953,0,41,180.18846359378438,869.7874546051025,96,0.4791860580444336,2944.119140625,28.75339877670381,0,12,20,0.0,0.0,0.2,0.2,0.25,0.2,0.15,80,360.32726925187467,325.427770614624,97,0.47580538090971325,2953.7998046875,28.682516440989755,0,13,21,0.0,0.0,0.2,0.2,0.25,0.2,0.15
253,MultiAgentRL_mlp_ppo,0,NOOP,0.082114,-0.063911,0.075352,0,80,360.32726925187467,325.427770614624,97,0.47580538090971325,2953.7998046875,28.682516440989755,0,13,21,0.0,0.0,0.2,0.2,0.25,0.2,0.15,30,141.37166187859455,460.5860710144043,98,0.4718185736208546,2959.24609375,28.645866635148064,0,14,22,0.0,0.0,0.2,0.15,0.25,0.25,0.15
254,MultiAgentRL_mlp_ppo,0,NOOP,0.081336,-0.063966,0.074398,0,30,141.37166187859455,460.5860710144043,98,0.4718185736208546,2959.24609375,28.645866635148064,0,14,22,0.0,0.0,0.2,0.15,0.25,0.25,0.15,77,324.555951389175,470.6418514251709,99,0.4685525605172822,2968.7490234375,28.575125528941577,0,15,23,0.0,0.0,0.2,0.1,0.25,0.25,0.2
255,MultiAgentRL_mlp_ppo,0,NOOP,0.080551,-0.064016,0.07599,0,77,324.555951389175,470.6418514251709,99,0.4685525605172822,2968.7490234375,28.575125528941577,0,15,23,0.0,0.0,0.2,0.1,0.25,0.25,0.2,69,284.0288889870306,353.0299663543701,100,0.46525360107421876,2977.623046875,28.508729783748063,0,16,24,0.0,0.0,0.15,0.15,0.25,0.25,0.2
256,MultiAgentRL_mlp_ppo,0,NOOP,0.079672,-0.064037,0.075016,0,69,284.0288889870306,353.0299663543701,100,0.46525360107421876,2977.623046875,28.508729783748063,0,16,24,0.0,0.0,0.15,0.15,0.25,0.25,0.2,30,113.95521455391153,359.04860496520996,101,0.461484701326578,2983.037109375,28.469221723491806,0,17,25,0.0,0.0,0.1,0.15,0.25,0.25,0.25
257,MultiAgentRL_mlp_ppo,0,NOOP,0.078848,-0.064069,0.071648,0,30,113.95521455391153,359.04860496520996,101,0.461484701326578,2983.037109375,28.469221723491806,0,17,25,0.0,0.0,0.1,0.15,0.25,0.25,0.25,45,165.33316514774054,487.5040054321289,102,0.45799195532705267,2989.771484375,28.417751955661114,0,18,26,0.0,0.0,0.1,0.2,0.2,0.25,0.25
258,MultiAgentRL_mlp_ppo,0,NOOP,0.078107,-0.06412,0.074038,0,45,165.33316514774054,487.5040054321289,102,0.45799195532705267,2989.771484375,28.417751955661114,0,18,26,0.0,0.0,0.1,0.2,0.2,0.25,0.25,71,253.96091434107336,332.17740058898926,103,0.4549093894588137,2998.7626953125,28.34890043894359,0,19,27,0.0,0.0,0.1,0.15,0.2,0.25,0.3
259,MultiAgentRL_mlp_ppo,0,NOOP,0.077366,-0.064167,0.072719,0,71,253.96091434107336,332.17740058898926,103,0.4549093894588137,2998.7626953125,28.34890043894359,0,19,27,0.0,0.0,0.1,0.15,0.2,0.25,0.3,67,277.1663106150717,362.32852935791016,104,0.4518281496488131,3007.3681640625,28.282537702967765,0,20,28,0.0,0.0,0.05,0.15,0.2,0.25,0.35
260,MultiAgentRL_mlp_ppo,0,NOOP,0.076621,-0.06421,0.067218,0,67,277.1663106150717,362.32852935791016,104,0.4518281496488131,3007.3681640625,28.282537702967765,0,20,28,0.0,0.0,0.05,0.15,0.2,0.25,0.35,60,224.73197804994575,601.4058589935303,105,0.4487287248883929,3015.45703125,28.219534177423316,0,21,29,0.0,0.0,0.1,0.15,0.2,0.2,0.35
261,MultiAgentRL_mlp_ppo,0,NOOP,0.075904,-0.064256,0.071395,0,60,224.73197804994575,601.4058589935303,105,0.4487287248883929,3015.45703125,28.219534177423316,0,21,29,0.0,0.0,0.1,0.15,0.2,0.2,0.35,66,272.279715547512,357.93066024780273,106,0.44577055157355544,3024.107421875,28.15239388308703,0,22,30,0.0,0.0,0.05,0.15,0.2,0.2,0.4
262,MultiAgentRL_mlp_ppo,0,NOOP,0.075224,-0.06431,0.070742,0,66,272.279715547512,357.93066024780273,106,0.44577055157355544,3024.107421875,28.15239388308703,0,22,30,0.0,0.0,0.05,0.15,0.2,0.2,0.4,77,329.4694174019405,357.8517436981201,107,0.4429957309615946,3033.634765625,28.079438346465757,0,23,31,0.0,0.0,0.05,0.15,0.15,0.2,0.45
263,MultiAgentRL_mlp_ppo,0,NOOP,0.074538,-0.064359,0.067682,0,77,329.4694174019405,357.8517436981201,107,0.4429957309615946,3033.634765625,28.079438346465757,0,23,31,0.0,0.0,0.05,0.15,0.15,0.2,0.45,70,275.77128741235424,477.7956008911133,108,0.44018823129159435,3042.5810546875,28.01022830151883,0,24,32,0.0,0.0,0.05,0.2,0.15,0.15,0.45
264,MultiAgentRL_mlp_ppo,0,NOOP,0.073818,-0.064395,0.067897,0,70,275.77128741235424,477.7956008911133,108,0.44018823129159435,3042.5810546875,28.01022830151883,0,24,32,0.0,0.0,0.05,0.2,0.15,0.15,0.45,53,229.59415505948016,432.3160648345947,109,0.43721680247455563,3050.0244140625,27.950855624432574,0,25,33,0.0,0.0,0.05,0.25,0.15,0.1,0.45
265,MultiAgentRL_mlp_ppo,0,NOOP,0.07313,-0.064438,0.064189,0,53,229.59415505948016,432.3160648345947,109,0.43721680247455563,3050.0244140625,27.950855624432574,0,25,33,0.0,0.0,0.05,0.25,0.15,0.1,0.45,61,261.5301009617793,584.5332145690918,110,0.4343995527787642,3058.1728515625,27.886536961585918,0,26,34,0.0,0.0,0.05,0.3,0.15,0.1,0.4
266,MultiAgentRL_mlp_ppo,0,NOOP,0.072399,-0.064465,0.064327,0,61,261.5301009617793,584.5332145690918,110,0.4343995527787642,3058.1728515625,27.886536961585918,0,26,34,0.0,0.0,0.05,0.3,0.15,0.1,0.4,40,150.1354485839466,542.3324108123779,111,0.43136940346107827,3064.4482421875,27.83458064408044,0,27,35,0.0,0.0,0.1,0.3,0.1,0.1,0.4
267,MultiAgentRL_mlp_ppo,1,COMPACT_32KB,0.11466,-0.109502,0.112472,0,40,150.1354485839466,542.3324108123779,111,0.43136940346107827,3064.4482421875,27.83458064408044,0,27,35,0.0,0.0,0.1,0.3,0.1,0.1,0.4,53,225.8679550292371,909.0480804443359,67,0.6867637064919543,2944.8427734375,26.19498942541138,0,0,36,0.0,0.0,0.1,0.25,0.15,0.1,0.4
268,MultiAgentRL_mlp_ppo,7,REMOVE_PARTITION,0.063479,-0.099528,0.121584,0,53,225.8679550292371,909.0480804443359,67,0.6867637064919543,2944.8427734375,26.19498942541138,0,0,36,0.0,0.0,0.1,0.25,0.15,0.1,0.4,39,138.42376607617047,361.5915775299072,68,0.6780790441176471,2951.0,26.399688141629024,0,1,37,0.0,0.0,0.1,0.25,0.15,0.15,0.35
269,MultiAgentRL_mlp_ppo,4,PARTITION_HOUR,-0.05642,-0.16457,0.12222,0,39,138.42376607617047,361.5915775299072,68,0.6780790441176471,2951.0,26.399688141629024,0,1,37,0.0,0.0,0.1,0.25,0.15,0.15,0.35,61,280.7854495650256,245.17536163330078,69,0.6701151529947916,2959.228515625,26.544667733706262,1,2,0,0.0,0.0,0.1,0.3,0.1,0.15,0.35
270,MultiAgentRL_mlp_ppo,0,NOOP,0.123738,-0.075152,0.118412,0,61,280.7854495650256,245.17536163330078,69,0.6701151529947916,2959.228515625,26.544667733706262,1,2,0,0.0,0.0,0.1,0.3,0.1,0.15,0.35,64,264.1922640471389,381.2446594238281,70,0.6624413626534599,2967.7373046875,26.67005075500374,1,3,1,0.0018298216172540245,9.149108086270123e-05,0.15,0.3,0.1,0.1,0.35
271,MultiAgentRL_mlp_ppo,0,NOOP,0.122124,-0.073892,0.117848,0,64,264.1922640471389,381.2446594238281,70,0.6624413626534599,2967.7373046875,26.67005075500374,1,3,1,0.0018298216172540245,9.149108086270123e-05,0.15,0.3,0.1,0.1,0.35,65,270.8699181418325,357.76233673095703,71,0.6549931915713029,2976.2890625,26.78177345922361,1,4,2,0.003680798933101759,0.0002755310275177892,0.2,0.3,0.05,0.1,0.35
272,MultiAgentRL_mlp_ppo,0,NOOP,0.120585,-0.075711,0.115584,0,65,270.8699181418325,357.76233673095703,71,0.6549931915713029,2976.2890625,26.78177345922361,1,4,2,0.003680798933101759,0.0002755310275177892,0.2,0.3,0.05,0.1,0.35,75,241.4634595663414,340.0857448577881,72,0.6479269663492838,2985.6474609375,26.86794555516907,1,5,3,0.0,0.0002755310275177892,0.2,0.35,0.05,0.1,0.3
273,MultiAgentRL_mlp_ppo,0,NOOP,0.11905,-0.075499,0.115295,0,75,241.4634595663414,340.0857448577881,72,0.6479269663492838,2985.6474609375,26.86794555516907,1,5,3,0.0,0.0002755310275177892,0.2,0.35,0.05,0.1,0.3,64,219.30195050018585,278.98621559143066,73,0.6408754113602312,2994.169921875,26.95789863261284,1,6,4,0.0,0.0002755310275177892,0.2,0.4,0.05,0.05,0.3
274,MultiAgentRL_mlp_ppo,0,NOOP,0.117481,-0.075347,0.114739,0,64,219.30195050018585,278.98621559143066,73,0.6408754113602312,2994.169921875,26.95789863261284,1,6,4,0.0,0.0002755310275177892,0.2,0.4,0.05,0.05,0.3,46,206.28967033296018,229.59136962890625,74,0.6336558573954815,3000.994140625,27.066057912255303,1,7,5,0.0,0.0002755310275177892,0.2,0.45,0.05,0.05,0.25
275,MultiAgentRL_mlp_ppo,0,NOOP,0.116003,-0.070293,0.104099,0,46,206.28967033296018,229.59136962890625,74,0.6336558573954815,3000.994140625,27.066057912255303,1,7,5,0.0,0.0002755310275177892,0.2,0.45,0.05,0.05,0.25,60,264.50692856181894,818.4621334075928,75,0.6268890380859375,3009.0673828125,27.142927552340986,1,8,6,0.00863395715341049,0.0007072288851883137,0.2,0.4,0.1,0.05,0.25
276,MultiAgentRL_mlp_ppo,0,NOOP,0.114569,-0.074943,0.110292,0,60,264.50692856181894,818.4621334075928,75,0.6268890380859375,3009.0673828125,27.142927552340986,1,8,6,0.00863395715341049,0.0007072288851883137,0.2,0.4,0.1,0.05,0.25,63,208.98160821180886,308.8817596435547,76,0.6203468724300987,3017.3671875,27.20732958897672,1,9,7,0.0,0.0007072288851883137,0.2,0.4,0.1,0.05,0.25
277,MultiAgentRL_mlp_ppo,0,NOOP,0.113178,-0.074732,0.107262,0,63,208.98160821180886,308.8817596435547,76,0.6203468724300987,3017.3671875,27.20732958897672,1,9,7,0.0,0.0007072288851883137,0.2,0.4,0.1,0.05,0.25,65,273.0847191420907,392.06981658935547,77,0.6140146627054586,3025.8642578125,27.260686611814204,1,10,8,0.0,0.0007072288851883137,0.2,0.35,0.1,0.1,0.25
278,MultiAgentRL_mlp_ppo,0,NOOP,0.111711,-0.067681,0.104057,0,65,273.0847191420907,392.06981658935547,77,0.6140146627054586,3025.8642578125,27.260686611814204,1,10,8,0.0,0.0007072288851883137,0.2,0.35,0.1,0.1,0.25,35,136.5302857823114,665.2028560638428,78,0.6073052822015225,3031.66796875,27.347318040508842,1,11,9,0.012334997396710668,0.001323978755023847,0.2,0.35,0.15,0.1,0.2
279,MultiAgentRL_mlp_ppo,0,NOOP,0.110399,-0.064813,0.109523,0,35,136.5302857823114,665.2028560638428,78,0.6073052822015225,3031.66796875,27.347318040508842,1,11,9,0.012334997396710668,0.001323978755023847,0.2,0.35,0.15,0.1,0.2,69,249.91686276406224,398.1313705444336,79,0.6013716685621044,3040.53515625,27.38029079445513,1,12,10,0.017039119804400978,0.002175934745243896,0.25,0.35,0.15,0.1,0.15
280,MultiAgentRL_mlp_ppo,0,NOOP,0.109071,-0.065697,0.098868,0,69,249.91686276406224,398.1313705444336,79,0.6013716685621044,3040.53515625,27.38029079445513,1,12,10,0.017039119804400978,0.002175934745243896,0.25,0.35,0.15,0.1,0.15,56,176.10283016887445,837.3634815216064,80,0.5953531265258789,3048.2080078125,27.423716060127806,1,13,11,0.015148279228703931,0.0029333487066790925,0.2,0.35,0.2,0.1,0.15
281,MultiAgentRL_mlp_ppo,0,NOOP,0.107708,-0.074101,0.100869,0,56,176.10283016887445,837.3634815216064,80,0.5953531265258789,3048.2080078125,27.423716060127806,1,13,11,0.015148279228703931,0.0029333487066790925,0.2,0.35,0.2,0.1,0.15,37,147.80238062130826,443.1726932525635,81,0.5891631326557677,3054.2216796875,27.484027856747417,1,14,12,0.0,0.0029333487066790925,0.2,0.35,0.2,0.15,0.1
282,MultiAgentRL_mlp_ppo,0,NOOP,0.106496,-0.073869,0.099455,0,37,147.80238062130826,443.1726932525635,81,0.5891631326557677,3054.2216796875,27.484027856747417,1,14,12,0.0,0.0029333487066790925,0.2,0.35,0.2,0.15,0.1,73,298.136300698933,454.5297622680664,82,0.5837294415729802,3063.412109375,27.49477823154131,1,15,13,0.0,0.0029333487066790925,0.2,0.4,0.2,0.15,0.05
283,MultiAgentRL_mlp_ppo,0,NOOP,0.105214,-0.060907,0.10514,0,73,298.136300698933,454.5297622680664,82,0.5837294415729802,3063.412109375,27.49477823154131,1,15,13,0.0,0.0029333487066790925,0.2,0.4,0.2,0.15,0.05,44,159.12145004061037,449.39708709716797,83,0.5779453875070595,3070.0458984375,27.533933540613496,1,16,14,0.02279744913452779,0.004073221163405482,0.25,0.35,0.2,0.15,0.05
284,MultiAgentRL_mlp_ppo,0,NOOP,0.104042,-0.073512,0.100229,0,44,159.12145004061037,449.39708709716797,83,0.5779453875070595,3070.0458984375,27.533933540613496,1,16,14,0.02279744913452779,0.004073221163405482,0.25,0.35,0.2,0.15,0.05,70,288.68525872910215,295.63450813293457,84,0.5727095831008184,3078.88671875,27.539346393683044,1,17,15,0.0,0.004073221163405482,0.25,0.3,0.2,0.15,0.1
285,MultiAgentRL_mlp_ppo,0,NOOP,0.102784,-0.073403,0.099181,0,70,288.68525872910215,295.63450813293457,84,0.5727095831008184,3078.88671875,27.539346393683044,1,17,15,0.0,0.004073221163405482,0.25,0.3,0.2,0.15,0.1,35,136.67455862596117,286.405086517334,85,0.5670437083524816,3084.7177734375,27.5783161659985,1,18,16,0.0,0.004073221163405482,0.25,0.3,0.2,0.15,0.1
286,MultiAgentRL_mlp_ppo,0,NOOP,0.101599,-0.073248,0.093272,0,35,136.67455862596117,286.405086517334,85,0.5670437083524816,3084.7177734375,27.5783161659985,1,18,16,0.0,0.004073221163405482,0.25,0.3,0.2,0.15,0.1,50,194.5085236231427,523.8673686981201,86,0.561746641646984,3091.853515625,27.59528289050065,1,19,17,0.0,0.004073221163405482,0.2,0.3,0.2,0.2,0.1
287,MultiAgentRL_mlp_ppo,0,NOOP,0.100424,-0.060171,0.093003,0,50,194.5085236231427,523.8673686981201,86,0.561746641646984,3091.853515625,27.59528289050065,1,19,17,0.0,0.004073221163405482,0.2,0.3,0.2,0.2,0.1,45,145.08477077760355,824.8298168182373,87,0.5564964557516163,3098.572265625,27.612816561006312,1,20,18,0.023000301841231512,0.005223236255467058,0.2,0.3,0.2,0.2,0.1
288,MultiAgentRL_mlp_ppo,1,COMPACT_32KB,0.123691,-0.101215,0.133497,0,45,145.08477077760355,824.8298168182373,87,0.5564964557516163,3098.572265625,27.612816561006312,1,20,18,0.023000301841231512,0.005223236255467058,0.2,0.3,0.2,0.2,0.1,52,213.67329228448128,306.870698928833,65,0.7306706355168269,3039.58984375,28.435964063293813,1,0,19,0.0,0.005223236255467058,0.2,0.3,0.2,0.15,0.15
289,MultiAgentRL_mlp_ppo,0,NOOP,0.135938,-0.056257,0.13291,0,52,213.67329228448128,306.870698928833,65,0.7306706355168269,3039.58984375,28.435964063293813,1,0,19,0.0,0.005223236255467058,0.2,0.3,0.2,0.15,0.15,33,138.64356675648332,233.88218879699707,66,0.7209375554865057,3045.240234375,28.66659534650922,1,1,20,0.0,0.005223236255467058,0.2,0.25,0.2,0.15,0.2
290,MultiAgentRL_mlp_ppo,7,REMOVE_PARTITION,0.070322,-0.091331,0.122831,0,33,138.64356675648332,233.88218879699707,66,0.7209375554865057,3045.240234375,28.66659534650922,1,1,20,0.0,0.005223236255467058,0.2,0.25,0.2,0.15,0.2,41,182.36800556542985,640.0914192199707,67,0.7116649115263526,3051.619140625,28.860332017899463,0,2,0,0.0,0.005131745174604357,0.15,0.25,0.25,0.15,0.2
291,MultiAgentRL_mlp_ppo,0,NOOP,0.131999,-0.056293,0.126766,0,41,182.36800556542985,640.0914192199707,67,0.7116649115263526,3051.619140625,28.860332017899463,0,2,0,0.0,0.005131745174604357,0.15,0.25,0.25,0.15,0.2,33,136.39515681615944,346.64082527160645,68,0.7024926578297335,3057.248046875,29.050297205575365,0,3,1,0.0,0.004947705227949269,0.1,0.25,0.25,0.2,0.2
292,MultiAgentRL_mlp_ppo,0,NOOP,0.130124,-0.056171,0.120704,0,33,136.39515681615944,346.64082527160645,68,0.7024926578297335,3057.248046875,29.050297205575365,0,3,1,0.0,0.004947705227949269,0.1,0.25,0.25,0.2,0.2,41,177.09368023001952,557.2750568389893,69,0.6937470366989357,3063.5869140625,29.208319547606227,0,4,2,0.0,0.004947705227949269,0.1,0.2,0.25,0.25,0.2
293,MultiAgentRL_mlp_ppo,0,NOOP,0.128387,-0.056057,0.122342,0,41,177.09368023001952,557.2750568389893,69,0.6937470366989357,3063.5869140625,29.208319547606227,0,4,2,0.0,0.004947705227949269,0.1,0.2,0.25,0.25,0.2,62,212.71238613757723,389.7674083709717,70,0.6856848580496652,3071.8681640625,29.315494557997987,0,5,3,0.0,0.004947705227949269,0.15,0.15,0.25,0.25,0.2
294,MultiAgentRL_mlp_ppo,0,NOOP,0.12658,-0.055996,0.120906,0,62,212.71238613757723,389.7674083709717,70,0.6856848580496652,3071.8681640625,29.315494557997987,0,5,3,0.0,0.004947705227949269,0.15,0.15,0.25,0.25,0.2,33,132.77226451998462,372.42770195007324,71,0.6772738174653389,3077.5322265625,29.45666405456416,0,6,4,0.0,0.004947705227949269,0.15,0.1,0.25,0.3,0.2
295,MultiAgentRL_mlp_ppo,0,NOOP,0.12498,-0.055967,0.117809,0,33,132.77226451998462,372.42770195007324,71,0.6772738174653389,3077.5322265625,29.45666405456416,0,6,4,0.0,0.004947705227949269,0.15,0.1,0.25,0.3,0.2,76,266.63669677652484,448.5478401184082,72,0.6698989868164062,3086.89453125,29.521411067543905,0,7,5,0.0,0.004516007370278744,0.15,0.15,0.2,0.3,0.2
296,MultiAgentRL_mlp_ppo,0,NOOP,0.123276,-0.055794,0.117271,0,76,266.63669677652484,448.5478401184082,72,0.6698989868164062,3086.89453125,29.521411067543905,0,7,5,0.0,0.004516007370278744,0.15,0.15,0.2,0.3,0.2,36,127.14742690462276,391.47019386291504,73,0.6620040266481164,3092.8828125,29.631851804783278,0,8,6,0.0,0.004516007370278744,0.15,0.15,0.2,0.35,0.15
297,MultiAgentRL_mlp_ppo,0,NOOP,0.121745,-0.055668,0.117886,0,36,127.14742690462276,391.47019386291504,73,0.6620040266481164,3092.8828125,29.631851804783278,0,8,6,0.0,0.004516007370278744,0.15,0.15,0.2,0.35,0.15,71,300.48734967841926,285.44044494628906,74,0.6549738291147593,3101.9560546875,29.681629326896246,0,9,7,0.0,0.004516007370278744,0.15,0.15,0.2,0.3,0.2
298,MultiAgentRL_mlp_ppo,0,NOOP,0.120113,-0.055762,0.105345,0,71,300.48734967841926,285.44044494628906,74,0.6549738291147593,3101.9560546875,29.681629326896246,0,9,7,0.0,0.004516007370278744,0.15,0.15,0.2,0.3,0.2,34,114.63845153324127,832.1425914764404,75,0.647437744140625,3107.701171875,29.77482838852713,0,10,8,0.0,0.003899257500443211,0.15,0.15,0.2,0.3,0.2
299,MultiAgentRL_mlp_ppo,1,COMPACT_32KB,0.508228,-0.1108,0.132582,0,34,114.63845153324127,832.1425914764404,75,0.647437744140625,3107.701171875,29.77482838852713,0,10,8,0.0,0.003899257500443211,0.15,0.15,0.2,0.3,0.2,36,130.67973392369086,454.46324348449707,65,0.740857168344351,3081.9658203125,27.92225959754836,0,0,9,0.0,0.003047301510223162,0.15,0.15,0.2,0.3,0.2
300,MultiAgentRL_mlp_ppo,0,NOOP,0.138124,-0.065823,0.134306,0,36,130.67973392369086,454.46324348449707,65,0.740857168344351,3081.9658203125,27.92225959754836,0,0,9,0.0,0.003047301510223162,0.15,0.15,0.2,0.3,0.2,75,267.6873590605455,273.406982421875,66,0.7318695530746923,3091.4169921875,28.097952215638664,0,1,10,0.0,0.002289887548787965,0.15,0.15,0.15,0.3,0.25
301,MultiAgentRL_mlp_ppo,0,NOOP,0.136168,-0.065667,0.130316,0,75,267.6873590605455,273.406982421875,66,0.7318695530746923,3091.4169921875,28.097952215638664,0,1,10,0.0,0.002289887548787965,0.15,0.15,0.15,0.3,0.25,54,221.9489000667339,376.34754180908203,67,0.722716601926889,3099.0087890625,28.29352984297668,0,2,11,0.0,0.002289887548787965,0.15,0.15,0.15,0.3,0.25
302,MultiAgentRL_mlp_ppo,0,NOOP,0.134364,-0.065716,0.130672,0,54,221.9489000667339,376.34754180908203,67,0.722716601926889,3099.0087890625,28.29352984297668,0,2,11,0.0,0.002289887548787965,0.15,0.15,0.15,0.3,0.25,80,342.5144898688307,269.5760726928711,68,0.714318219353171,3108.712890625,28.42922936220581,0,3,12,0.0,0.002289887548787965,0.15,0.15,0.15,0.3,0.25
303,MultiAgentRL_mlp_ppo,0,NOOP,0.13252,-0.066036,0.123335,0,80,342.5144898688307,269.5760726928711,68,0.714318219353171,3108.712890625,28.42922936220581,0,3,12,0.0,0.002289887548787965,0.15,0.15,0.15,0.3,0.25,56,270.70754308158996,545.4773902893066,69,0.7057251861129982,3116.482421875,28.586788843670604,0,4,13,0.0,0.0011500150920615757,0.1,0.15,0.15,0.35,0.25
304,MultiAgentRL_mlp_ppo,0,NOOP,0.130649,-0.065774,0.125227,0,56,270.70754308158996,545.4773902893066,69,0.7057251861129982,3116.482421875,28.586788843670604,0,4,13,0.0,0.0011500150920615757,0.1,0.15,0.15,0.35,0.25,38,121.79011121180676,358.6316108703613,70,0.6969957624162947,3122.541015625,28.761255721889903,0,5,14,0.0,0.0011500150920615757,0.1,0.15,0.15,0.4,0.2
305,MultiAgentRL_mlp_ppo,0,NOOP,0.128976,-0.065821,0.123165,0,38,121.79011121180676,358.6316108703613,70,0.6969957624162947,3122.541015625,28.761255721889903,0,5,14,0.0,0.0011500150920615757,0.1,0.15,0.15,0.4,0.2,77,334.56617017882263,379.29320335388184,71,0.6892562651298415,3131.98046875,28.858488750236983,0,6,15,0.0,0.0011500150920615757,0.1,0.1,0.15,0.45,0.2
306,MultiAgentRL_mlp_ppo,0,NOOP,0.127319,-0.065862,0.12217,0,77,334.56617017882263,379.29320335388184,71,0.6892562651298415,3131.98046875,28.858488750236983,0,6,15,0.0,0.0011500150920615757,0.1,0.1,0.15,0.45,0.2,69,209.7372376082994,347.4283218383789,72,0.6815929412841797,3140.7802734375,28.9551684562235,0,7,16,0.0,0.0011500150920615757,0.1,0.1,0.15,0.4,0.25
307,MultiAgentRL_mlp_ppo,0,NOOP,0.125744,-0.066198,0.119668,0,69,209.7372376082994,347.4283218383789,72,0.6815929412841797,3140.7802734375,28.9551684562235,0,7,16,0.0,0.0011500150920615757,0.1,0.1,0.15,0.4,0.25,80,248.9094089423452,395.0479030609131,73,0.674344833583048,3150.5390625,29.025259963460975,0,8,17,0.0,0.0,0.1,0.1,0.1,0.45,0.25
308,MultiAgentRL_mlp_ppo,0,NOOP,0.124096,-0.06594,0.118226,0,80,248.9094089423452,395.0479030609131,73,0.674344833583048,3150.5390625,29.025259963460975,0,8,17,0.0,0.0,0.1,0.1,0.1,0.45,0.25,49,202.48583580708757,385.9992027282715,74,0.6667282516891891,3157.625,29.12917533787898,0,9,18,0.0,0.0,0.1,0.1,0.1,0.5,0.2
309,MultiAgentRL_mlp_ppo,0,NOOP,0.122431,-0.06596,0.117501,0,49,202.48583580708757,385.9992027282715,74,0.6667282516891891,3157.625,29.12917533787898,0,9,18,0.0,0.0,0.1,0.1,0.1,0.5,0.2,34,135.60723954534606,340.24906158447266,75,0.6590321858723959,3163.3544921875,29.24444905586291,0,10,19,0.0,0.0,0.1,0.15,0.1,0.5,0.15
310,MultiAgentRL_mlp_ppo,0,NOOP,0.120886,-0.065993,0.114541,0,34,135.60723954534606,340.24906158447266,75,0.6590321858723959,3163.3544921875,29.24444905586291,0,10,19,0.0,0.0,0.1,0.15,0.1,0.5,0.15,55,172.4647051259431,412.243127822876,76,0.6519281487715872,3170.978515625,29.317996383679443,0,11,20,0.0,0.0,0.1,0.15,0.05,0.55,0.15
311,MultiAgentRL_mlp_ppo,0,NOOP,0.119461,-0.066041,0.11341,0,55,172.4647051259431,412.243127822876,76,0.6519281487715872,3170.978515625,29.317996383679443,0,11,20,0.0,0.0,0.1,0.15,0.05,0.55,0.15,80,346.57475471842326,398.8056182861328,77,0.6454309240564123,3180.68359375,29.352155729611628,0,12,21,0.0,0.0,0.1,0.15,0.05,0.55,0.15
312,MultiAgentRL_mlp_ppo,0,NOOP,0.118015,-0.066078,0.109734,0,80,346.57475471842326,398.8056182861328,77,0.6454309240564123,3180.68359375,29.352155729611628,0,12,21,0.0,0.0,0.1,0.15,0.05,0.55,0.15,62,219.78266396213658,511.5504264831543,78,0.638823484763121,3189.0068359375,29.399122190720878,0,13,22,0.0,0.0,0.1,0.15,0.05,0.55,0.15
313,MultiAgentRL_mlp_ppo,0,NOOP,0.116655,-0.066124,0.112456,0,62,219.78266396213658,511.5504264831543,78,0.638823484763121,3189.0068359375,29.399122190720878,0,13,22,0.0,0.0,0.1,0.15,0.05,0.55,0.15,79,316.33516728482573,308.69030952453613,79,0.632650254647943,3198.6796875,29.420382341093482,0,14,23,0.0,0.0,0.05,0.15,0.05,0.55,0.2
314,MultiAgentRL_mlp_ppo,0,NOOP,0.115321,-0.066169,0.107982,0,79,316.33516728482573,308.69030952453613,79,0.632650254647943,3198.6796875,29.420382341093482,0,14,23,0.0,0.0,0.05,0.15,0.05,0.55,0.2,76,320.0910003775616,466.9055938720703,80,0.6266025543212891,3208.205078125,29.437853968223056,0,15,24,0.0,0.0,0.1,0.15,0.05,0.5,0.2
315,MultiAgentRL_mlp_ppo,0,NOOP,0.113996,-0.066211,0.106436,0,76,320.0910003775616,466.9055938720703,80,0.6266025543212891,3208.205078125,29.437853968223056,0,15,24,0.0,0.0,0.1,0.15,0.05,0.5,0.2,71,215.77717090051712,479.2799949645996,81,0.6206064106505594,3217.2236328125,29.456467767880415,0,16,25,0.0,0.0,0.1,0.1,0.05,0.55,0.2
316,MultiAgentRL_mlp_ppo,0,NOOP,0.11258,-0.066231,0.105851,0,71,215.77717090051712,479.2799949645996,81,0.6206064106505594,3217.2236328125,29.456467767880415,0,16,25,0.0,0.0,0.1,0.1,0.05,0.55,0.2,35,169.30402279827882,438.983678817749,82,0.6141510009765625,3223.064453125,29.512165541256234,0,17,26,0.0,0.0,0.1,0.1,0.05,0.55,0.2
317,MultiAgentRL_mlp_ppo,0,NOOP,0.111192,-0.066251,0.101804,0,35,169.30402279827882,438.983678817749,82,0.6141510009765625,3223.064453125,29.512165541256234,0,17,26,0.0,0.0,0.1,0.1,0.05,0.55,0.2,34,140.0326754577618,573.1475353240967,83,0.6078366199171686,3228.828125,29.56182264148682,0,18,27,0.0,0.0,0.1,0.1,0.05,0.6,0.15
318,MultiAgentRL_mlp_ppo,0,NOOP,0.109828,-0.06627,0.102828,0,34,140.0326754577618,573.1475353240967,83,0.6078366199171686,3228.828125,29.56182264148682,0,18,27,0.0,0.0,0.1,0.1,0.05,0.6,0.15,32,104.05749541416701,454.9980163574219,84,0.601637704031808,3234.404296875,29.60732377586013,0,19,28,0.0,0.0,0.1,0.1,0.0,0.65,0.15
319,MultiAgentRL_mlp_ppo,0,NOOP,0.10862,-0.06631,0.098938,0,32,104.05749541416701,454.9980163574219,84,0.601637704031808,3234.404296875,29.60732377586013,0,19,28,0.0,0.0,0.1,0.1,0.0,0.65,0.15,70,299.0444877663226,590.3594493865967,85,0.5962237189797794,3243.45703125,29.603428553138894,0,20,29,0.0,0.0,0.1,0.1,0.0,0.65,0.15
320,MultiAgentRL_mlp_ppo,0,NOOP,0.107307,-0.066328,0.103109,0,70,299.0444877663226,590.3594493865967,85,0.5962237189797794,3243.45703125,29.603428553138894,0,20,29,0.0,0.0,0.1,0.1,0.0,0.65,0.15,31,111.93833136902605,317.42310523986816,86,0.5902874968772711,3248.9423828125,29.638925156778548,0,21,30,0.0,0.0,0.1,0.1,0.0,0.65,0.15
321,MultiAgentRL_mlp_ppo,0,NOOP,0.106168,-0.066372,0.099098,0,31,111.93833136902605,317.42310523986816,86,0.5902874968772711,3248.9423828125,29.638925156778548,0,21,30,0.0,0.0,0.1,0.1,0.0,0.65,0.15,77,299.05218574934025,462.2502326965332,87,0.5852133213788614,3258.4677734375,29.621381658945708,0,22,31,0.0,0.0,0.1,0.1,0.0,0.65,0.15
322,MultiAgentRL_mlp_ppo,0,NOOP,0.104971,-0.066402,0.096198,0,77,299.05218574934025,462.2502326965332,87,0.5852133213788614,3258.4677734375,29.621381658945708,0,22,31,0.0,0.0,0.1,0.1,0.0,0.65,0.15,51,180.42010460358682,548.6433506011963,88,0.5798528844659979,3265.7314453125,29.62597015011719,0,23,32,0.0,0.0,0.1,0.05,0.0,0.7,0.15
323,MultiAgentRL_mlp_ppo,0,NOOP,0.103741,-0.066421,0.09683,0,51,180.42010460358682,548.6433506011963,88,0.5798528844659979,3265.7314453125,29.62597015011719,0,23,32,0.0,0.0,0.1,0.05,0.0,0.7,0.15,33,143.51142340795485,456.8040370941162,89,0.5743286475706636,3271.3759765625,29.645389606350992,0,24,33,0.0,0.0,0.1,0.05,0.0,0.7,0.15
324,MultiAgentRL_mlp_ppo,0,NOOP,0.102572,-0.066446,0.09575,0,33,143.51142340795485,456.8040370941162,89,0.5743286475706636,3271.3759765625,29.645389606350992,0,24,33,0.0,0.0,0.1,0.05,0.0,0.7,0.15,45,183.27315946318345,453.5839557647705,90,0.569110616048177,3278.0771484375,29.648131330024878,0,25,34,0.0,0.0,0.1,0.1,0.0,0.65,0.15
325,MultiAgentRL_mlp_ppo,1,COMPACT_32KB,0.501324,-0.111467,0.12401,0,45,183.27315946318345,453.5839557647705,90,0.569110616048177,3278.0771484375,29.648131330024878,0,25,34,0.0,0.0,0.1,0.1,0.0,0.65,0.15,37,145.49219331552055,545.3639030456543,71,0.7100860165878081,3226.630859375,27.489612297708327,0,0,35,0.0,0.0,0.1,0.1,0.0,0.65,0.15
326,MultiAgentRL_mlp_ppo,7,REMOVE_PARTITION,0.067642,-0.101485,0.127607,0,37,145.49219331552055,545.3639030456543,71,0.7100860165878081,3226.630859375,27.489612297708327,0,0,35,0.0,0.0,0.1,0.1,0.0,0.65,0.15,30,97.13639023426222,273.5750675201416,72,0.701393551296658,3232.021484375,27.700517378178763,0,1,36,0.0,0.0,0.1,0.15,0.0,0.65,0.1
327,MultiAgentRL_mlp_ppo,7,REMOVE_PARTITION,0.065913,-0.101515,0.122814,0,30,97.13639023426222,273.5750675201416,72,0.701393551296658,3232.021484375,27.700517378178763,0,1,36,0.0,0.0,0.1,0.15,0.0,0.65,0.1,53,232.2141193233455,428.00259590148926,73,0.693371498421447,3239.431640625,27.855046590517045,0,2,37,0.0,0.0,0.1,0.15,0.0,0.65,0.1
328,MultiAgentRL_mlp_ppo,6,PARTITION_EVENT_TYPE,-0.053951,-0.166545,0.12295,0,53,232.2141193233455,428.00259590148926,73,0.693371498421447,3239.431640625,27.855046590517045,0,2,37,0.0,0.0,0.1,0.15,0.0,0.65,0.1,54,196.44174071423924,338.37151527404785,74,0.685585846772065,3246.9345703125,27.99371123197133,3,3,0,0.0,0.0,0.1,0.15,0.0,0.6,0.15
329,MultiAgentRL_mlp_ppo,0,NOOP,0.122754,-0.097029,0.116802,0,54,196.44174071423924,338.37151527404785,74,0.685585846772065,3246.9345703125,27.99371123197133,3,3,0,0.0,0.0,0.1,0.15,0.0,0.6,0.15,76,272.85817101104897,415.4636859893799,77,0.6618951574548498,3261.8193359375,28.466077455070682,3,4,1,0.0014395974103078794,7.197987051539396e-05,0.1,0.1,0.0,0.65,0.15
330,MultiAgentRL_mlp_ppo,0,NOOP,0.11794,-0.097624,0.114343,0,76,272.85817101104897,415.4636859893799,77,0.6618951574548498,3261.8193359375,28.466077455070682,3,4,1,0.0014395974103078794,7.197987051539396e-05,0.1,0.1,0.0,0.65,0.15,62,230.05544045026124,279.83546257019043,80,0.6396999359130859,3275.263671875,28.84583300651947,3,5,2,0.0,7.197987051539396e-05,0.1,0.1,0.0,0.6,0.2
331,MultiAgentRL_mlp_ppo,0,NOOP,0.113384,-0.097478,0.103492,0,62,230.05544045026124,279.83546257019043,80,0.6396999359130859,3275.263671875,28.84583300651947,3,5,2,0.0,7.197987051539396e-05,0.1,0.1,0.0,0.6,0.2,42,137.75420646619304,598.3421802520752,83,0.6187935335090361,3287.03125,29.15510260202508,3,6,3,0.0,7.197987051539396e-05,0.15,0.1,0.0,0.55,0.2
332,MultiAgentRL_mlp_ppo,0,NOOP,0.109156,-0.09481,0.10407,0,42,137.75420646619304,598.3421802520752,83,0.6187935335090361,3287.03125,29.15510260202508,3,6,3,0.0,7.197987051539396e-05,0.15,0.1,0.0,0.55,0.2,54,217.3859031319015,427.99878120422363,86,0.5995316616324491,3299.822265625,29.37065562243599,3,7,4,0.0044127332601536775,0.00029261653352307787,0.15,0.1,0.0,0.55,0.2
333,MultiAgentRL_mlp_ppo,0,NOOP,0.105208,-0.093972,0.099589,0,54,217.3859031319015,427.99878120422363,86,0.5995316616324491,3299.822265625,29.37065562243599,3,7,4,0.0044127332601536775,0.00029261653352307787,0.15,0.1,0.0,0.55,0.2,60,215.30653119297216,475.20899772644043,89,0.5816638389330232,3313.1572265625,29.516137633738392,3,8,5,0.005534856275815562,0.000569359347313856,0.15,0.1,0.0,0.6,0.15
334,MultiAgentRL_mlp_ppo,0,NOOP,0.101494,-0.093111,0.096112,0,60,215.30653119297216,475.20899772644043,89,0.5816638389330232,3313.1572265625,29.516137633738392,3,8,5,0.005534856275815562,0.000569359347313856,0.15,0.1,0.0,0.6,0.15,62,193.7676533376054,484.4975471496582,92,0.564971923828125,3326.5546875,29.61212534798666,3,9,6,0.00669041541611736,0.000903880118119724,0.1,0.1,0.0,0.65,0.15
335,MultiAgentRL_mlp_ppo,0,NOOP,0.097974,-0.092349,0.094532,0,62,193.7676533376054,484.4975471496582,92,0.564971923828125,3326.5546875,29.61212534798666,3,9,6,0.00669041541611736,0.000903880118119724,0.1,0.1,0.0,0.65,0.15,55,206.01590352149404,406.5370559692383,95,0.5492460552014803,3339.416015625,29.67057146471226,3,10,7,0.00771214921861872,0.00128948757905066,0.1,0.1,0.0,0.65,0.15
336,MultiAgentRL_mlp_ppo,0,NOOP,0.094625,-0.091699,0.087566,0,55,206.01590352149404,406.5370559692383,95,0.5492460552014803,3339.416015625,29.67057146471226,3,10,7,0.00771214921861872,0.00128948757905066,0.1,0.1,0.0,0.65,0.15,47,147.644175151758,604.1691303253174,98,0.5343746263153699,3351.59765625,29.700771593996453,3,11,8,0.008582776270522754,0.0017186263925767977,0.1,0.1,0.0,0.65,0.15
337,MultiAgentRL_mlp_ppo,0,NOOP,0.091488,-0.096324,0.086731,0,47,147.644175151758,604.1691303253174,98,0.5343746263153699,3351.59765625,29.700771593996453,3,11,8,0.008582776270522754,0.0017186263925767977,0.1,0.1,0.0,0.65,0.15,60,220.25687771482984,364.0739917755127,101,0.5205638621113088,3364.9248046875,29.68990523835813,3,12,9,0.0,0.0017186263925767977,0.1,0.1,0.0,0.6,0.2
338,MultiAgentRL_mlp_ppo,0,NOOP,0.088559,-0.089803,0.086412,0,60,220.25687771482984,364.0739917755127,101,0.5205638621113088,3364.9248046875,29.68990523835813,3,12,9,0.0,0.0017186263925767977,0.1,0.1,0.0,0.6,0.2,78,261.7415304511732,404.2243957519531,104,0.5077929863562951,3379.8701171875,29.64109656498366,3,13,10,0.011125909002256835,0.0022749218426896395,0.1,0.1,0.0,0.6,0.2
339,MultiAgentRL_mlp_ppo,0,NOOP,0.085703,-0.089106,0.084103,0,78,261.7415304511732,404.2243957519531,104,0.5077929863562951,3379.8701171875,29.64109656498366,3,13,10,0.011125909002256835,0.0022749218426896395,0.1,0.1,0.0,0.6,0.2,51,184.24495997436705,394.66094970703125,107,0.495391275281104,3392.439453125,29.593830098554974,3,14,11,0.01206082021033888,0.0028779628532065835,0.05,0.1,0.0,0.65,0.2
340,MultiAgentRL_mlp_ppo,0,NOOP,0.082976,-0.088452,0.077124,0,51,184.24495997436705,394.66094970703125,107,0.495391275281104,3392.439453125,29.593830098554974,3,14,11,0.01206082021033888,0.0028779628532065835,0.05,0.1,0.0,0.65,0.2,48,154.4831345575253,624.2074966430664,110,0.48363189697265624,3404.7685546875,29.531342365725394,3,15,12,0.012938316198944153,0.003524878663153791,0.05,0.1,0.0,0.7,0.15
341,MultiAgentRL_mlp_ppo,1,COMPACT_32KB,0.112533,-0.090398,0.120796,0,48,154.4831345575253,624.2074966430664,110,0.48363189697265624,3404.7685546875,29.531342365725394,3,15,12,0.012938316198944153,0.003524878663153791,0.05,0.1,0.0,0.7,0.15,73,225.7136605834358,397.77517318725586,76,0.6817582782946134,3316.072265625,28.42965041565482,3,0,13,0.0,0.003524878663153791,0.05,0.15,0.0,0.65,0.15
342,MultiAgentRL_mlp_ppo,0,NOOP,0.121837,0.331444,0.31811,0,73,225.7136605834358,397.77517318725586,76,0.6817582782946134,3316.072265625,28.42965041565482,3,0,13,0.0,0.003524878663153791,0.05,0.15,0.0,0.65,0.15,63,186.09016713815782,335.13784408569336,79,0.6585618031175831,3329.6884765625,28.875013741575977,3,1,14,0.67,0.03702487866315379,0.05,0.15,0.0,0.65,0.15
343,MultiAgentRL_mlp_ppo,0,NOOP,0.117182,0.331392,0.314809,0,63,186.09016713815782,335.13784408569336,79,0.6585618031175831,3329.6884765625,28.875013741575977,3,1,14,0.67,0.03702487866315379,0.05,0.15,0.0,0.65,0.15,68,207.55162690104694,271.17180824279785,82,0.6371597662204649,3343.814453125,29.206194716286483,3,2,15,0.67,0.0705248786631538,0.05,0.15,0.0,0.65,0.15
344,MultiAgentRL_mlp_ppo,0,NOOP,0.112712,0.331353,0.309523,0,68,207.55162690104694,271.17180824279785,82,0.6371597662204649,3343.814453125,29.206194716286483,3,2,15,0.67,0.0705248786631538,0.05,0.15,0.0,0.65,0.15,35,136.4034253092293,315.720796585083,85,0.6166864731732536,3354.7744140625,29.496883631768466,3,3,16,0.67,0.1040248786631538,0.05,0.1,0.0,0.7,0.15
345,MultiAgentRL_mlp_ppo,0,NOOP,0.108575,0.331308,0.305027,0,35,136.4034253092293,315.720796585083,85,0.6166864731732536,3354.7744140625,29.496883631768466,3,3,16,0.67,0.1040248786631538,0.05,0.1,0.0,0.7,0.15,50,192.36802831099905,337.39781379699707,88,0.597876635464755,3367.2412109375,29.69274478204649,3,4,17,0.67,0.1375248786631538,0.05,0.1,0.0,0.7,0.15
346,MultiAgentRL_mlp_ppo,0,NOOP,0.104695,0.331271,0.301121,0,50,192.36802831099905,337.39781379699707,88,0.597876635464755,3367.2412109375,29.69274478204649,3,4,17,0.67,0.1375248786631538,0.05,0.1,0.0,0.7,0.15,53,143.75712535042308,342.4551486968994,91,0.5803504356971154,3379.9609375,29.82678331503622,3,5,18,0.67,0.1710248786631538,0.05,0.05,0.0,0.75,0.15
347,MultiAgentRL_mlp_ppo,0,NOOP,0.101014,0.331252,0.298401,0,53,143.75712535042308,342.4551486968994,91,0.5803504356971154,3379.9609375,29.82678331503622,3,5,18,0.67,0.1710248786631538,0.05,0.05,0.0,0.75,0.15,44,167.13855294021755,298.1441020965576,94,0.5638218331844249,3391.9521484375,29.92102842616888,3,6,19,0.67,0.2045248786631538,0.05,0.05,0.0,0.75,0.15
348,MultiAgentRL_mlp_ppo,1,COMPACT_32KB,0.117623,-0.090689,0.128141,0,44,167.13855294021755,298.1441020965576,94,0.5638218331844249,3391.9521484375,29.92102842616888,3,6,19,0.67,0.2045248786631538,0.05,0.05,0.0,0.75,0.15,64,198.25204965099988,282.4978828430176,74,0.705953649572424,3343.396484375,27.677879128060656,3,0,20,0.0,0.20452487866315378,0.05,0.1,0.0,0.75,0.1
349,MultiAgentRL_mlp_ppo,6,PARTITION_EVENT_TYPE,-0.327866,-0.295759,0.122585,0,64,198.25204965099988,282.4978828430176,74,0.705953649572424,3343.396484375,27.677879128060656,3,0,20,0.0,0.20452487866315378,0.05,0.1,0.0,0.75,0.1,79,315.27268540763754,300.98819732666016,77,0.6815237070058847,3358.548828125,28.231964262009267,3,1,21,0.0,0.2044528987926384,0.05,0.1,0.0,0.7,0.15
350,MultiAgentRL_mlp_ppo,0,NOOP,0.121667,0.331095,0.319178,0,79,315.27268540763754,300.98819732666016,77,0.6815237070058847,3358.548828125,28.231964262009267,3,1,21,0.0,0.2044528987926384,0.05,0.1,0.0,0.7,0.15,47,171.51662333775323,274.4441032409668,80,0.6583341598510742,3370.6708984375,28.706789193575066,3,2,22,0.67,0.2379528987926384,0.05,0.1,0.0,0.75,0.1
351,MultiAgentRL_mlp_ppo,0,NOOP,0.117039,-0.045835,0.109073,0,47,171.51662333775323,274.4441032409668,80,0.6583341598510742,3370.6708984375,28.706789193575066,3,2,22,0.67,0.2379528987926384,0.05,0.1,0.0,0.75,0.1,62,210.21921752718413,502.0925998687744,83,0.6370720920792545,3384.126953125,29.05181530785941,3,3,23,0.0,0.2379528987926384,0.0,0.15,0.0,0.75,0.1
352,MultiAgentRL_mlp_ppo,0,NOOP,0.112804,0.330925,0.309332,0,62,210.21921752718413,502.0925998687744,83,0.6370720920792545,3384.126953125,29.05181530785941,3,3,23,0.0,0.2379528987926384,0.0,0.15,0.0,0.75,0.1,89,239.97110778972404,331.06446266174316,86,0.617768221123274,3400.1962890625,29.27611617924476,3,4,24,0.67,0.2712322621296307,0.0,0.15,0.0,0.75,0.1
353,MultiAgentRL_mlp_ppo,0,NOOP,0.108835,0.330868,0.306091,0,89,239.97110778972404,331.06446266174316,86,0.617768221123274,3400.1962890625,29.27611617924476,3,4,24,0.67,0.2712322621296307,0.0,0.15,0.0,0.75,0.1,92,302.0827456091938,298.47192764282227,89,0.5997998526926791,3416.4599609375,29.433186558748044,3,5,25,0.67,0.3044555193158399,0.0,0.15,0.0,0.75,0.1
354,MultiAgentRL_mlp_ppo,0,NOOP,0.105066,0.330792,0.300325,0,92,302.0827456091938,298.47192764282227,89,0.5997998526926791,3416.4599609375,29.433186558748044,3,5,25,0.67,0.3044555193158399,0.0,0.15,0.0,0.75,0.1,81,250.13501042908334,402.0850658416748,92,0.582831507143767,3431.7119140625,29.550800484466897,3,6,26,0.67,0.3376209985450341,0.0,0.15,0.0,0.75,0.1
355,MultiAgentRL_mlp_ppo,0,NOOP,0.101495,0.330718,0.29881,0,81,250.13501042908334,402.0850658416748,92,0.582831507143767,3431.7119140625,29.550800484466897,3,6,26,0.67,0.3376209985450341,0.0,0.15,0.0,0.75,0.1,75,296.4594255578414,303.0128479003906,95,0.5668502004523026,3446.44921875,29.62965416577883,3,7,27,0.67,0.37073539108410314,0.0,0.15,0.0,0.75,0.1
356,MultiAgentRL_mlp_ppo,0,NOOP,0.098057,0.330661,0.294921,0,75,296.4594255578414,303.0128479003906,95,0.5668502004523026,3446.44921875,29.62965416577883,3,7,27,0.67,0.37073539108410314,0.0,0.15,0.0,0.75,0.1,54,168.44393938492476,329.3125629425049,98,0.5515350030393017,3459.2275390625,29.69113169015257,3,8,28,0.67,0.40380625227057704,0.0,0.15,0.0,0.75,0.1
357,MultiAgentRL_mlp_ppo,0,NOOP,0.094858,-0.046159,0.0885,0,54,168.44393938492476,329.3125629425049,98,0.5515350030393017,3459.2275390625,29.69113169015257,3,8,28,0.67,0.40380625227057704,0.0,0.15,0.0,0.75,0.1,74,205.68393387174478,444.11230087280273,101,0.5374128889329363,3473.8369140625,29.701144503335005,3,9,29,0.0,0.40380625227057704,0.0,0.15,0.0,0.75,0.1
358,MultiAgentRL_mlp_ppo,0,NOOP,0.091754,0.330546,0.289195,0,74,205.68393387174478,444.11230087280273,101,0.5374128889329363,3473.8369140625,29.701144503335005,3,9,29,0.0,0.40380625227057704,0.0,0.15,0.0,0.75,0.1,50,175.40875558306428,307.92999267578125,104,0.523770258976863,3486.21484375,29.705482767820566,3,10,30,0.67,0.4367499568204642,0.0,0.15,0.0,0.75,0.1
359,MultiAgentRL_mlp_ppo,0,NOOP,0.088812,0.330498,0.28659,0,50,175.40875558306428,307.92999267578125,104,0.523770258976863,3486.21484375,29.705482767820566,3,10,30,0.67,0.4367499568204642,0.0,0.15,0.0,0.75,0.1,53,154.7681326714613,294.8458194732666,107,0.5109359883816442,3498.8896484375,29.683242509300875,3,11,31,0.67,0.4696469158099473,0.0,0.15,0.0,0.75,0.1
360,MultiAgentRL_mlp_ppo,0,NOOP,0.086006,0.330455,0.279212,0,53,154.7681326714613,294.8458194732666,107,0.5109359883816442,3498.8896484375,29.683242509300875,3,11,31,0.67,0.4696469158099473,0.0,0.15,0.0,0.75,0.1,51,165.43773622554218,527.1682739257812,110,0.4987776322798295,3511.39453125,29.64245044064358,3,12,32,0.67,0.5025000000000001,0.0,0.15,0.0,0.75,0.1
361,MultiAgentRL_mlp_ppo,0,NOOP,0.083423,0.33055,0.279462,0,51,165.43773622554218,527.1682739257812,110,0.4987776322798295,3511.39453125,29.64245044064358,3,12,32,0.67,0.5025000000000001,0.0,0.15,0.0,0.75,0.1,88,263.63914100920346,389.30201530456543,113,0.48773963050504704,3527.3330078125,29.558848771699473,3,13,33,0.67,0.536,0.0,0.1,0.0,0.8,0.1
362,MultiAgentRL_mlp_ppo,0,NOOP,0.080875,0.322113,0.278022,0,88,263.63914100920346,389.30201530456543,113,0.48773963050504704,3527.3330078125,29.558848771699473,3,13,33,0.67,0.536,0.0,0.1,0.0,0.8,0.1,58,185.90039752346397,337.65101432800293,116,0.4768764890473464,3540.3310546875,29.485242932756293,3,14,34,0.67,0.536,0.0,0.1,0.0,0.8,0.1
363,MultiAgentRL_mlp_ppo,0,NOOP,0.078481,0.322085,0.273232,0,58,185.90039752346397,337.65101432800293,116,0.4768764890473464,3540.3310546875,29.485242932756293,3,14,34,0.67,0.536,0.0,0.1,0.0,0.8,0.1,74,248.34392255357488,461.20262145996094,119,0.4667793081588104,3554.9912109375,29.38713723398562,3,15,35,0.67,0.536,0.0,0.1,0.0,0.8,0.1
364,MultiAgentRL_mlp_ppo,0,NOOP,0.076221,0.322042,0.273155,0,74,248.34392255357488,461.20262145996094,119,0.4667793081588104,3554.9912109375,29.38713723398562,3,15,35,0.67,0.536,0.0,0.1,0.0,0.8,0.1,89,314.5581324016914,355.80921173095703,122,0.4573539358670594,3571.01953125,29.27141538344567,3,16,36,0.67,0.536,0.0,0.1,0.0,0.8,0.1
365,MultiAgentRL_mlp_ppo,0,NOOP,0.073974,0.322005,0.271606,0,89,314.5581324016914,355.80921173095703,122,0.4573539358670594,3571.01953125,29.27141538344567,3,16,36,0.67,0.536,0.0,0.1,0.0,0.8,0.1,55,165.57714889450972,324.6622085571289,125,0.4479952392578125,3583.9619140625,29.169038837654178,3,17,37,0.67,0.536,0.0,0.1,0.0,0.8,0.1
366,MultiAgentRL_mlp_ppo,0,NOOP,0.071841,0.321947,0.265058,0,55,165.57714889450972,324.6622085571289,125,0.4479952392578125,3583.9619140625,29.169038837654178,3,17,37,0.67,0.536,0.0,0.1,0.0,0.8,0.1,68,281.48968936841334,549.1738319396973,128,0.4392068386077881,3597.982421875,29.053301010087477,3,18,38,0.67,0.536,0.0,0.1,0.0,0.8,0.1
367,MultiAgentRL_mlp_ppo,0,NOOP,0.069772,0.321893,0.266758,0,68,281.48968936841334,549.1738319396973,128,0.4392068386077881,3597.982421875,29.053301010087477,3,18,38,0.67,0.536,0.0,0.1,0.0,0.8,0.1,60,164.20197127261005,364.47620391845703,131,0.4307373279833612,3611.3017578125,28.936282170246418,3,19,39,0.67,0.536,0.0,0.1,0.0,0.8,0.1
368,MultiAgentRL_mlp_ppo,0,NOOP,0.067804,0.330216,0.261868,0,60,164.20197127261005,364.47620391845703,131,0.4307373279833612,3611.3017578125,28.936282170246418,3,19,39,0.67,0.536,0.0,0.1,0.0,0.8,0.1,71,244.37356721767787,514.2781734466553,134,0.42276934723355875,3625.669921875,28.80846114848936,3,20,40,0.67,0.5695,0.0,0.05,0.0,0.85,0.1
369,MultiAgentRL_mlp_ppo,0,NOOP,0.065908,0.330154,0.26241,0,71,244.37356721767787,514.2781734466553,134,0.42276934723355875,3625.669921875,28.80846114848936,3,20,40,0.67,0.5695,0.0,0.05,0.0,0.85,0.1,73,211.9735898563116,396.1663246154785,137,0.41516636757955067,3640.1787109375,28.676713074935453,3,21,41,0.67,0.603,0.0,0.05,0.0,0.9,0.05
370,MultiAgentRL_mlp_ppo,0,NOOP,0.064125,0.321727,0.261137,0,73,211.9735898563116,396.1663246154785,137,0.41516636757955067,3640.1787109375,28.676713074935453,3,21,41,0.67,0.603,0.0,0.05,0.0,0.9,0.05,96,332.9608214925689,374.3934631347656,140,0.4081260681152344,3656.8095703125,28.531184017374997,3,22,42,0.67,0.603,0.0,0.05,0.0,0.9,0.05
371,MultiAgentRL_mlp_ppo,0,NOOP,0.062391,-0.046847,0.038081,0,96,332.9608214925689,374.3934631347656,140,0.4081260681152344,3656.8095703125,28.531184017374997,3,22,42,0.67,0.603,0.0,0.05,0.0,0.9,0.05,91,298.86802428331265,1394.2580223083496,143,0.4013303743375765,3672.9755859375,28.38718339832642,3,23,43,0.0,0.603,0.0,0.0,0.05,0.9,0.05
372,MultiAgentRL_mlp_ppo,1,COMPACT_32KB,0.107675,0.276582,0.319388,0,91,298.86802428331265,1394.2580223083496,143,0.4013303743375765,3672.9755859375,28.38718339832642,3,23,43,0.0,0.603,0.0,0.0,0.05,0.9,0.05,69,192.34185248519753,284.0240001678467,83,0.6618402320218374,3515.6953125,27.46181045025251,3,0,44,0.67,0.603,0.0,0.0,0.05,0.9,0.05
373,MultiAgentRL_mlp_ppo,0,NOOP,0.117479,0.321556,0.315371,0,69,192.34185248519753,284.0240001678467,83,0.6618402320218374,3515.6953125,27.46181045025251,3,0,44,0.67,0.603,0.0,0.0,0.05,0.9,0.05,58,229.67602668464272,262.8645896911621,86,0.6411425568336664,3528.8486328125,27.869235668397923,3,1,45,0.67,0.603,0.0,0.0,0.05,0.9,0.05
374,MultiAgentRL_mlp_ppo,0,NOOP,0.113304,0.321488,0.308731,0,58,229.67602668464272,262.8645896911621,86,0.6411425568336664,3528.8486328125,27.869235668397923,3,1,45,0.67,0.603,0.0,0.0,0.05,0.9,0.05,77,212.24909586196245,389.8801803588867,89,0.6221426631627458,3543.724609375,28.164367069065275,3,2,46,0.67,0.603,0.0,0.0,0.05,0.9,0.05
375,MultiAgentRL_mlp_ppo,0,NOOP,0.109391,-0.055452,0.104167,0,77,212.24909586196245,389.8801803588867,89,0.6221426631627458,3543.724609375,28.164367069065275,3,2,46,0.67,0.603,0.0,0.0,0.05,0.9,0.05,82,296.6593677680568,376.21068954467773,92,0.6044550356657609,3559.03125,28.384067250016827,3,3,47,0.0,0.5695,0.0,0.05,0.05,0.85,0.05
376,MultiAgentRL_mlp_ppo,0,NOOP,0.102035,0.321344,0.297659,0,82,296.6593677680568,376.21068954467773,92,0.6044550356657609,3559.03125,28.384067250016827,3,3,47,0.0,0.5695,0.0,0.05,0.05,0.85,0.05,100,249.40872296409762,391.284704208374,98,0.5714234332649075,3583.9677734375,28.725494033735917,3,4,48,0.67,0.5695,0.0,0.05,0.05,0.85,0.05
377,MultiAgentRL_mlp_ppo,0,NOOP,0.098662,0.329686,0.294294,0,100,249.40872296409762,391.284704208374,98,0.5714234332649075,3583.9677734375,28.725494033735917,3,4,48,0.67,0.5695,0.0,0.05,0.05,0.85,0.05,54,127.94916660782125,394.655704498291,101,0.5564350090404548,3596.7958984375,28.823638721621357,3,5,49,0.67,0.603,0.0,0.05,0.05,0.9,0.0
378,MultiAgentRL_mlp_ppo,0,NOOP,0.095495,-0.055595,0.079741,0,54,127.94916660782125,394.655704498291,101,0.5564350090404548,3596.7958984375,28.823638721621357,3,5,49,0.67,0.603,0.0,0.05,0.05,0.9,0.0,66,256.3767373154095,917.6816940307617,104,0.5424748934232272,3610.712890625,28.875388698908555,3,6,50,0.0,0.5695,0.0,0.05,0.1,0.85,0.0
379,MultiAgentRL_mlp_ppo,0,NOOP,0.092499,-0.055643,0.088218,0,66,256.3767373154095,917.6816940307617,104,0.5424748934232272,3610.712890625,28.875388698908555,3,6,50,0.0,0.5695,0.0,0.05,0.1,0.85,0.0,72,255.7450458324018,347.8059768676758,107,0.5293688907801548,3625.1181640625,28.894381010406253,3,7,51,0.0,0.536,0.0,0.05,0.1,0.8,0.05
380,MultiAgentRL_mlp_ppo,0,NOOP,0.087769,0.321154,0.28164,0,72,255.7450458324018,347.8059768676758,107,0.5293688907801548,3625.1181640625,28.894381010406253,3,7,51,0.0,0.536,0.0,0.05,0.1,0.8,0.05,100,285.01290075760096,496.4447021484375,112,0.5088468279157367,3647.4140625,28.88927608302961,3,8,52,0.67,0.536,0.0,0.05,0.1,0.8,0.05
381,MultiAgentRL_mlp_ppo,0,NOOP,0.085105,0.321121,0.281173,0,100,285.01290075760096,496.4447021484375,112,0.5088468279157367,3647.4140625,28.88927608302961,3,8,52,0.67,0.536,0.0,0.05,0.1,0.8,0.05,61,176.7298729574554,390.3646469116211,115,0.49740096382472826,3660.87109375,28.859616303414516,3,9,53,0.67,0.536,0.0,0.05,0.1,0.8,0.05
382,MultiAgentRL_mlp_ppo,1,COMPACT_32KB,0.110159,0.276032,0.321528,0,61,176.7298729574554,390.3646469116211,115,0.49740096382472826,3660.87109375,28.859616303414516,3,9,53,0.67,0.536,0.0,0.05,0.1,0.8,0.05,93,328.79864458212165,301.2213706970215,83,0.6742632762495294,3581.6865234375,26.777332808540788,3,0,54,0.67,0.536,0.0,0.05,0.1,0.8,0.05
383,MultiAgentRL_mlp_ppo,0,NOOP,0.11993,0.320951,0.31611,0,93,328.79864458212165,301.2213706970215,83,0.6742632762495294,3581.6865234375,26.777332808540788,3,0,54,0.67,0.536,0.0,0.05,0.1,0.8,0.05,75,219.7827134962167,348.51574897766113,86,0.653400509856468,3596.31640625,27.236256212017427,3,1,55,0.67,0.536,0.0,0.05,0.1,0.8,0.05
384,MultiAgentRL_mlp_ppo,0,NOOP,0.115705,0.320914,0.313305,0,75,219.7827134962167,348.51574897766113,86,0.653400509856468,3596.31640625,27.236256212017427,3,1,55,0.67,0.536,0.0,0.05,0.1,0.8,0.05,86,319.96485896484035,281.2540531158447,89,0.6341485870018434,3612.1103515625,27.579496707820518,3,2,56,0.67,0.536,0.0,0.05,0.1,0.8,0.05
385,MultiAgentRL_mlp_ppo,0,NOOP,0.111696,0.320867,0.307312,0,86,319.96485896484035,281.2540531158447,89,0.6341485870018434,3612.1103515625,27.579496707820518,3,2,56,0.67,0.536,0.0,0.05,0.1,0.8,0.05,75,228.35274184907672,384.1814994812012,92,0.6159797336744226,3626.888671875,27.860401813021326,3,3,57,0.67,0.536,0.0,0.05,0.1,0.8,0.05
386,MultiAgentRL_mlp_ppo,0,NOOP,0.107983,-0.056089,0.103881,0,75,228.35274184907672,384.1814994812012,92,0.6159797336744226,3626.888671875,27.860401813021326,3,3,57,0.67,0.536,0.0,0.05,0.1,0.8,0.05,99,242.22271118852646,323.8377571105957,95,0.5992891010485197,3643.677734375,28.053536861708274,3,4,58,0.0,0.5025000000000001,0.0,0.05,0.1,0.75,0.1
387,MultiAgentRL_mlp_ppo,0,NOOP,0.104387,-0.056126,0.088954,0,99,242.22271118852646,323.8377571105957,95,0.5992891010485197,3643.677734375,28.053536861708274,3,4,58,0.0,0.5025000000000001,0.0,0.05,0.1,0.75,0.1,67,227.12299077989422,894.1490650177002,98,0.5831831328722895,3657.724609375,28.22613592701901,3,5,59,0.0,0.46900000000000003,0.0,0.05,0.15,0.7,0.1
388,MultiAgentRL_mlp_ppo,0,NOOP,0.100933,-0.05615,0.094421,0,67,227.12299077989422,894.1490650177002,98,0.5831831328722895,3657.724609375,28.22613592701901,3,5,59,0.0,0.46900000000000003,0.0,0.05,0.15,0.7,0.1,50,152.08920759796243,451.8454074859619,101,0.5677875481029548,3670.1787109375,28.37030802567732,3,6,60,0.0,0.43550000000000005,0.0,0.05,0.15,0.65,0.15
389,MultiAgentRL_mlp_ppo,0,NOOP,0.097673,0.320679,0.295194,0,50,152.08920759796243,451.8454074859619,101,0.5677875481029548,3670.1787109375,28.37030802567732,3,6,60,0.0,0.43550000000000005,0.0,0.05,0.15,0.65,0.15,57,153.06688964281346,303.9834499359131,104,0.5533674680269681,3683.2138671875,28.46836153527691,3,7,61,0.67,0.43550000000000005,0.0,0.05,0.15,0.65,0.15
390,MultiAgentRL_mlp_ppo,0,NOOP,0.094573,-0.056244,0.088798,0,57,153.06688964281346,303.9834499359131,104,0.5533674680269681,3683.2138671875,28.46836153527691,3,7,61,0.67,0.43550000000000005,0.0,0.05,0.15,0.65,0.15,56,188.1883060642552,422.4855899810791,107,0.5397398761499708,3696.138671875,28.534114740182932,3,8,62,0.0,0.402,0.0,0.1,0.15,0.6,0.15
391,MultiAgentRL_mlp_ppo,0,NOOP,0.091708,-0.047951,0.073422,0,56,188.1883060642552,422.4855899810791,107,0.5397398761499708,3696.138671875,28.534114740182932,3,8,62,0.0,0.402,0.0,0.1,0.15,0.6,0.15,90,273.7705008391075,1051.7749786376953,110,0.5272885409268466,3712.111328125,28.54488403660921,3,9,63,0.0,0.402,0.0,0.1,0.15,0.6,0.15
392,MultiAgentRL_mlp_ppo,0,NOOP,0.088956,-0.056376,0.072354,0,90,273.7705008391075,1051.7749786376953,110,0.5272885409268466,3712.111328125,28.54488403660921,3,9,63,0.0,0.402,0.0,0.1,0.15,0.6,0.15,82,300.79369749295535,971.379280090332,113,0.515406245678927,3727.41796875,28.538859579525635,3,10,64,0.0,0.36850000000000005,0.0,0.1,0.2,0.55,0.15
393,MultiAgentRL_mlp_ppo,0,NOOP,0.086301,0.320425,0.283694,0,82,300.79369749295535,971.379280090332,113,0.515406245678927,3727.41796875,28.538859579525635,3,10,64,0.0,0.36850000000000005,0.0,0.1,0.2,0.55,0.15,72,263.0938326824011,325.329065322876,116,0.5040045113399111,3741.7294921875,28.5232023480793,3,11,65,0.67,0.36850000000000005,0.0,0.1,0.2,0.55,0.15
394,MultiAgentRL_mlp_ppo,0,NOOP,0.083726,-0.05648,0.071324,0,72,263.0938326824011,325.329065322876,116,0.5040045113399111,3741.7294921875,28.5232023480793,3,11,65,0.67,0.36850000000000005,0.0,0.1,0.2,0.55,0.15,55,190.36620578393388,768.8558101654053,119,0.49300339642693014,3754.7138671875,28.500072209706993,3,12,66,0.0,0.3350000000000001,0.0,0.15,0.2,0.5,0.15
395,MultiAgentRL_mlp_ppo,0,NOOP,0.081269,0.328722,0.278943,0,55,190.36620578393388,768.8558101654053,119,0.49300339642693014,3754.7138671875,28.500072209706993,3,12,66,0.0,0.3350000000000001,0.0,0.15,0.2,0.5,0.15,61,179.9529067538816,318.8011646270752,122,0.4825956000656378,3768.1064453125,28.459165191023573,3,13,67,0.67,0.36850000000000005,0.0,0.1,0.2,0.55,0.15
396,MultiAgentRL_mlp_ppo,0,NOOP,0.078991,0.320261,0.27251,0,61,179.9529067538816,318.8011646270752,122,0.4825956000656378,3768.1064453125,28.459165191023573,3,13,67,0.67,0.36850000000000005,0.0,0.1,0.2,0.55,0.15,96,328.99485492556926,530.2748680114746,125,0.4730797119140625,3784.6376953125,28.384977863067327,3,14,68,0.67,0.36850000000000005,0.0,0.1,0.2,0.55,0.15
397,MultiAgentRL_mlp_ppo,0,NOOP,0.076759,0.320219,0.273788,0,96,328.99485492556926,530.2748680114746,125,0.4730797119140625,3784.6376953125,28.384977863067327,3,14,68,0.67,0.36850000000000005,0.0,0.1,0.2,0.55,0.15,76,201.4835370709816,358.55698585510254,128,0.4637957811355591,3799.4150390625,28.3118385096522,3,15,69,0.67,0.36850000000000005,0.0,0.1,0.2,0.55,0.15
398,MultiAgentRL_mlp_ppo,0,NOOP,0.074573,0.328553,0.272202,0,76,201.4835370709816,358.55698585510254,128,0.4637957811355591,3799.4150390625,28.3118385096522,3,15,69,0.67,0.36850000000000005,0.0,0.1,0.2,0.55,0.15,57,189.0138703536213,332.31449127197266,131,0.4547396361372853,3812.537109375,28.24095804500309,3,16,70,0.67,0.402,0.0,0.1,0.15,0.6,0.15
399,MultiAgentRL_mlp_ppo,0,NOOP,0.072454,0.328503,0.268925,0,57,189.0138703536213,332.31449127197266,131,0.4547396361372853,3812.537109375,28.24095804500309,3,16,70,0.67,0.402,0.0,0.1,0.15,0.6,0.15,52,186.25925024488265,393.9707279205322,134,0.4460207811042444,3825.07421875,28.1658801297728,3,17,71,0.67,0.43550000000000005,0.0,0.1,0.15,0.65,0.1
400,MultiAgentRL_mlp_ppo,0,NOOP,0.070495,0.320063,0.264828,0,52,186.25925024488265,393.9707279205322,134,0.4460207811042444,3825.07421875,28.1658801297728,3,17,71,0.67,0.43550000000000005,0.0,0.1,0.15,0.65,0.1,91,291.4174425192137,504.5959949493408,137,0.4380976544679516,3841.240234375,28.062334780734403,3,18,72,0.67,0.43550000000000005,0.0,0.1,0.15,0.65,0.1
401,MultiAgentRL_mlp_ppo,0,NOOP,0.066613,-0.056878,0.056642,0,91,291.4174425192137,504.5959949493408,137,0.4380976544679516,3841.240234375,28.062334780734403,3,18,72,0.67,0.43550000000000005,0.0,0.1,0.15,0.65,0.1,100,253.4848007774421,677.2966384887695,143,0.4224406422434987,3866.1767578125,27.88135713768264,3,19,73,0.0,0.402,0.0,0.15,0.15,0.6,0.1
402,MultiAgentRL_mlp_ppo,0,NOOP,0.064774,-0.056914,0.051264,0,100,253.4848007774421,677.2966384887695,143,0.4224406422434987,3866.1767578125,27.88135713768264,3,19,73,0.0,0.402,0.0,0.15,0.15,0.6,0.1,53,191.2518213384816,857.9955101013184,146,0.4151191188864512,3878.873046875,27.782321621011832,3,20,74,0.0,0.36850000000000005,0.05,0.15,0.15,0.55,0.1
403,MultiAgentRL_mlp_ppo,0,NOOP,0.06304,-0.056962,0.057035,0,53,191.2518213384816,857.9955101013184,146,0.4151191188864512,3878.873046875,27.782321621011832,3,20,74,0.0,0.36850000000000005,0.05,0.15,0.15,0.55,0.1,77,230.184096583389,486.4985942840576,149,0.40832324956087457,3893.7705078125,27.668459269519808,3,21,75,0.0,0.3350000000000001,0.05,0.15,0.15,0.5,0.15
404,MultiAgentRL_mlp_ppo,0,NOOP,0.061345,-0.057013,0.037672,0,77,230.184096583389,486.4985942840576,149,0.40832324956087457,3893.7705078125,27.668459269519808,3,21,75,0.0,0.3350000000000001,0.05,0.15,0.15,0.5,0.15,69,247.21862346794776,1373.6412525177002,152,0.4017258694297389,3907.9892578125,27.55556461217696,3,22,76,0.0,0.30150000000000005,0.05,0.15,0.2,0.45,0.15
405,MultiAgentRL_mlp_ppo,0,NOOP,0.05967,0.319834,0.254818,0,69,247.21862346794776,1373.6412525177002,152,0.4017258694297389,3907.9892578125,27.55556461217696,3,22,76,0.0,0.30150000000000005,0.05,0.15,0.2,0.45,0.15,52,127.9134449873291,486.3460063934326,155,0.39522311302923385,3920.61328125,27.447648959264438,3,23,77,0.67,0.3015,0.05,0.15,0.2,0.45,0.15
406,MultiAgentRL_mlp_ppo,0,NOOP,0.05806,-0.048714,0.051523,0,52,127.9134449873291,486.3460063934326,155,0.39522311302923385,3920.61328125,27.447648959264438,3,23,77,0.67,0.3015,0.05,0.15,0.2,0.45,0.15,62,221.39013748404787,524.3213176727295,158,0.3890485159958465,3934.05859375,27.333948996403887,3,24,78,0.0,0.30150000000000005,0.05,0.15,0.2,0.45,0.15
407,MultiAgentRL_mlp_ppo,1,COMPACT_32KB,0.101952,-0.093777,0.111191,0,62,221.39013748404787,524.3213176727295,158,0.3890485159958465,3934.05859375,27.333948996403887,3,24,78,0.0,0.30150000000000005,0.05,0.15,0.2,0.45,0.15,76,235.61746498819943,368.9301013946533,92,0.6388501706330673,3761.5498046875,26.489255152455524,3,0,79,0.0,0.30150000000000005,0.05,0.15,0.15,0.45,0.2
408,MultiAgentRL_mlp_ppo,0,NOOP,0.112281,-0.04882,0.097505,0,76,235.61746498819943,368.9301013946533,92,0.6388501706330673,3761.5498046875,26.489255152455524,3,0,79,0.0,0.30150000000000005,0.05,0.15,0.15,0.45,0.2,55,181.08912499950938,857.5897216796875,95,0.620781828227796,3774.353515625,26.84764279472379,3,1,80,0.0,0.30150000000000005,0.05,0.15,0.2,0.45,0.15
409,MultiAgentRL_mlp_ppo,0,NOOP,0.108605,-0.057244,0.102058,0,55,181.08912499950938,857.5897216796875,95,0.620781828227796,3774.353515625,26.84764279472379,3,1,80,0.0,0.30150000000000005,0.05,0.15,0.2,0.45,0.15,85,268.11891165855576,449.8426914215088,98,0.6042728034817443,3789.9990234375,27.098447795454668,3,2,81,0.0,0.268,0.1,0.15,0.2,0.4,0.15
410,MultiAgentRL_mlp_ppo,0,NOOP,0.10516,0.327948,0.298847,0,85,268.11891165855576,449.8426914215088,98,0.6042728034817443,3789.9990234375,27.098447795454668,3,2,81,0.0,0.268,0.1,0.15,0.2,0.4,0.15,98,388.32295737856697,491.91784858703613,101,0.5889242946511448,3806.806640625,27.28145762244275,3,3,82,0.67,0.30150000000000005,0.1,0.1,0.2,0.45,0.15
411,MultiAgentRL_mlp_ppo,0,NOOP,0.101781,-0.04895,0.094275,0,98,388.32295737856697,491.91784858703613,101,0.5889242946511448,3806.806640625,27.28145762244275,3,3,82,0.67,0.30150000000000005,0.1,0.1,0.2,0.45,0.15,57,143.34892366286803,505.2921772003174,104,0.573904771071214,3819.91015625,27.459812692216552,3,4,83,0.0,0.30150000000000005,0.15,0.1,0.15,0.45,0.15
412,MultiAgentRL_mlp_ppo,0,NOOP,0.098675,-0.049006,0.093633,0,57,143.34892366286803,505.2921772003174,104,0.573904771071214,3819.91015625,27.459812692216552,3,4,83,0.0,0.30150000000000005,0.15,0.1,0.15,0.45,0.15,96,302.4136451202247,385.88690757751465,107,0.5602521094206337,3836.6064453125,27.559932755033156,3,5,84,0.0,0.30150000000000005,0.15,0.1,0.1,0.45,0.2
413,MultiAgentRL_mlp_ppo,0,NOOP,0.095715,-0.057432,0.07605,0,96,302.4136451202247,385.88690757751465,107,0.5602521094206337,3836.6064453125,27.559932755033156,3,5,84,0.0,0.30150000000000005,0.15,0.1,0.1,0.45,0.2,96,305.19520059424104,1120.7542419433594,110,0.5473262440074574,3853.1767578125,27.629536462057192,3,6,85,0.0,0.268,0.15,0.1,0.15,0.4,0.2
414,MultiAgentRL_mlp_ppo,0,NOOP,0.09279,-0.049092,0.076264,0,96,305.19520059424104,1120.7542419433594,110,0.5473262440074574,3853.1767578125,27.629536462057192,3,6,85,0.0,0.268,0.15,0.1,0.15,0.4,0.2,55,176.65366384096427,967.5295352935791,113,0.5345727701102738,3866.0302734375,27.706230201403816,3,7,86,0.0,0.26800000000000007,0.15,0.05,0.2,0.4,0.2
415,MultiAgentRL_mlp_ppo,0,NOOP,0.090083,-0.057529,0.085006,0,55,176.65366384096427,967.5295352935791,113,0.5345727701102738,3866.0302734375,27.706230201403816,3,7,86,0.0,0.26800000000000007,0.15,0.05,0.2,0.4,0.2,90,317.09902221027517,398.85759353637695,116,0.5229168595938847,3882.134765625,27.728655087011774,3,8,87,0.0,0.23450000000000001,0.15,0.05,0.2,0.35,0.25
416,MultiAgentRL_mlp_ppo,0,NOOP,0.087469,-0.057553,0.080203,0,90,317.09902221027517,398.85759353637695,116,0.5229168595938847,3882.134765625,27.728655087011774,3,8,87,0.0,0.23450000000000001,0.15,0.05,0.2,0.35,0.25,79,240.22533838892795,512.0315551757812,119,0.5117191346753546,3897.2529296875,27.73811425567065,3,9,88,0.0,0.201,0.15,0.05,0.2,0.3,0.3
417,MultiAgentRL_mlp_ppo,0,NOOP,0.084962,-0.057575,0.080153,0,79,240.22533838892795,512.0315551757812,119,0.5117191346753546,3897.2529296875,27.73811425567065,3,9,88,0.0,0.201,0.15,0.05,0.2,0.3,0.3,79,244.4337679314125,392.93599128723145,122,0.5010593601914702,3912.271484375,27.73075888812114,3,10,89,0.0,0.16750000000000004,0.15,0.05,0.2,0.25,0.35
418,MultiAgentRL_mlp_ppo,0,NOOP,0.082516,-0.057609,0.073134,0,79,244.4337679314125,392.93599128723145,122,0.5010593601914702,3912.271484375,27.73075888812114,3,10,89,0.0,0.16750000000000004,0.15,0.05,0.2,0.25,0.35,61,181.28110939959953,625.3566741943359,125,0.4907052001953125,3925.6416015625,27.72075185278755,3,11,90,0.0,0.134,0.15,0.05,0.2,0.2,0.4
419,MultiAgentRL_mlp_ppo,0,NOOP,0.080207,-0.057666,0.074754,0,61,181.28110939959953,625.3566741943359,125,0.4907052001953125,3925.6416015625,27.72075185278755,3,11,90,0.0,0.134,0.15,0.05,0.2,0.2,0.4,79,211.03402911613463,432.6310157775879,128,0.4810354709625244,3940.642578125,27.685107801167277,3,12,91,0.0,0.1005,0.15,0.05,0.2,0.15,0.45
420,MultiAgentRL_mlp_ppo,0,NOOP,0.078029,-0.057712,0.069908,0,79,211.03402911613463,432.6310157775879,128,0.4810354709625244,3940.642578125,27.685107801167277,3,12,91,0.0,0.1005,0.15,0.05,0.2,0.15,0.45,98,267.7531553878704,569.8084831237793,131,0.4720184093213263,3957.40234375,27.62577006588716,3,13,92,0.0,0.067,0.15,0.1,0.2,0.1,0.45
421,MultiAgentRL_mlp_ppo,0,NOOP,0.075901,-0.049373,0.068015,0,98,267.7531553878704,569.8084831237793,131,0.4720184093213263,3957.40234375,27.62577006588716,3,13,92,0.0,0.067,0.15,0.1,0.2,0.1,0.45,83,264.19048153884796,561.7716312408447,134,0.46325455850629665,3972.87109375,27.565675521296086,3,14,93,0.0,0.067,0.15,0.1,0.2,0.1,0.45
422,MultiAgentRL_mlp_ppo,0,NOOP,0.073819,0.327445,0.266273,0,83,264.19048153884796,561.7716312408447,134,0.46325455850629665,3972.87109375,27.565675521296086,3,14,93,0.0,0.067,0.15,0.1,0.2,0.1,0.45,69,237.60718420106303,598.5851287841797,137,0.4547223835966013,3987.005859375,27.506394333085623,3,15,94,0.67,0.1005,0.1,0.1,0.2,0.15,0.45
423,MultiAgentRL_mlp_ppo,0,NOOP,0.071794,-0.049454,0.06143,0,69,237.60718420106303,598.5851287841797,137,0.4547223835966013,3987.005859375,27.506394333085623,3,15,94,0.67,0.1005,0.1,0.1,0.2,0.15,0.45,60,176.48387467776004,693.2117938995361,140,0.4464717320033482,4000.38671875,27.443100096481917,3,16,95,0.0,0.1005,0.15,0.1,0.2,0.15,0.4
424,MultiAgentRL_mlp_ppo,0,NOOP,0.069888,-0.049511,0.060821,0,60,176.48387467776004,693.2117938995361,140,0.4464717320033482,4000.38671875,27.443100096481917,3,16,95,0.0,0.1005,0.15,0.1,0.2,0.15,0.4,85,210.8157823933772,632.1108341217041,143,0.43881524359429636,4016.037109375,27.3602808613535,3,17,96,0.0,0.1005,0.15,0.1,0.15,0.15,0.45
425,MultiAgentRL_mlp_ppo,0,NOOP,0.068015,-0.057922,0.061792,0,85,210.8157823933772,632.1108341217041,143,0.43881524359429636,4016.037109375,27.3602808613535,3,17,96,0.0,0.1005,0.15,0.1,0.15,0.15,0.45,70,233.16567079310926,493.6552047729492,146,0.4313241618953339,4030.29296875,27.279549114137733,3,18,97,0.0,0.067,0.15,0.1,0.15,0.1,0.5
426,MultiAgentRL_mlp_ppo,0,NOOP,0.066218,-0.049598,0.055246,0,70,233.16567079310926,493.6552047729492,146,0.4313241618953339,4030.29296875,27.279549114137733,3,18,97,0.0,0.067,0.15,0.1,0.15,0.1,0.5,79,230.81103657729574,734.8520755767822,149,0.42421338382183305,4045.298828125,27.19021048540545,3,19,98,0.0,0.067,0.15,0.1,0.15,0.1,0.5
427,MultiAgentRL_mlp_ppo,0,NOOP,0.064456,0.327241,0.261979,0,79,230.81103657729574,734.8520755767822,149,0.42421338382183305,4045.298828125,27.19021048540545,3,19,98,0.0,0.067,0.15,0.1,0.15,0.1,0.5,68,229.39898206713724,363.83724212646484,152,0.4172795948229338,4059.2958984375,27.101828688416457,3,20,99,0.67,0.1005,0.15,0.1,0.15,0.15,0.45
428,MultiAgentRL_mlp_ppo,0,NOOP,0.062738,-0.049665,0.052804,0,68,229.39898206713724,363.83724212646484,152,0.4172795948229338,4059.2958984375,27.101828688416457,3,20,99,0.67,0.1005,0.15,0.1,0.15,0.15,0.45,61,172.36474807106327,690.4244422912598,155,0.4105632166708669,4072.787109375,27.012165168488366,3,21,100,0.0,0.1005,0.15,0.1,0.1,0.15,0.5
429,MultiAgentRL_mlp_ppo,0,NOOP,0.061069,-0.049695,0.054982,0,61,172.36474807106327,690.4244422912598,155,0.4105632166708669,4072.787109375,27.012165168488366,3,21,100,0.0,0.1005,0.15,0.1,0.1,0.15,0.5,61,157.85211221116003,501.85179710388184,158,0.4040970621229727,4086.2294921875,26.91934020584109,3,22,101,0.0,0.1005,0.1,0.1,0.1,0.15,0.55
430,MultiAgentRL_mlp_ppo,0,NOOP,0.059453,-0.058113,0.053406,0,61,157.85211221116003,501.85179710388184,158,0.4040970621229727,4086.2294921875,26.91934020584109,3,22,101,0.0,0.1005,0.1,0.1,0.1,0.15,0.55,64,176.25104709102715,503.63659858703613,161,0.39789140594671973,4099.873046875,26.822910199351337,3,23,102,0.0,0.067,0.1,0.1,0.1,0.1,0.6
431,MultiAgentRL_mlp_ppo,0,NOOP,0.057878,-0.049773,0.036136,0,64,176.25104709102715,503.63659858703613,161,0.39789140594671973,4099.873046875,26.822910199351337,3,23,102,0.0,0.067,0.1,0.1,0.1,0.1,0.6,61,178.48625073075038,1292.1364307403564,164,0.3918914794921875,4113.29296875,26.72497898820302,3,24,103,0.0,0.067,0.05,0.1,0.15,0.1,0.6
432,MultiAgentRL_mlp_ppo,0,NOOP,0.056332,-0.0498,0.045049,0,61,178.48625073075038,1292.1364307403564,164,0.3918914794921875,4113.29296875,26.72497898820302,3,24,103,0.0,0.067,0.05,0.1,0.15,0.1,0.6,51,208.81565491402722,772.8853225708008,167,0.3860345714820359,4125.9375,26.62831584784684,3,25,104,0.0,0.067,0.05,0.1,0.15,0.1,0.6
433,MultiAgentRL_mlp_ppo,1,COMPACT_32KB,0.099148,-0.094836,0.099837,0,51,208.81565491402722,772.8853225708008,167,0.3860345714820359,4125.9375,26.62831584784684,3,25,104,0.0,0.067,0.05,0.1,0.15,0.1,0.6,60,178.7664136149271,803.9951324462891,98,0.6285827013911033,3942.470703125,25.716678602135335,3,0,105,0.0,0.067,0.05,0.1,0.15,0.1,0.6
434,MultiAgentRL_mlp_ppo,5,PARTITION_REGION,-0.072013,-0.149882,0.100056,0,60,178.7664136149271,803.9951324462891,98,0.6285827013911033,3942.470703125,25.716678602135335,3,0,105,0.0,0.067,0.05,0.1,0.15,0.1,0.6,72,184.59378105955489,613.7137413024902,101,0.6121504377610613,3956.9404296875,26.040099802273126,2,1,0,0.0,0.067,0.05,0.15,0.1,0.1,0.6
435,MultiAgentRL_mlp_ppo,0,NOOP,0.106366,-0.049724,0.101787,0,72,184.59378105955489,613.7137413024902,101,0.6121504377610613,3956.9404296875,26.040099802273126,2,1,0,0.0,0.067,0.05,0.15,0.1,0.1,0.6,84,210.00758556108772,358.9589595794678,104,0.5968319819523737,3972.513671875,26.288190446449953,2,2,1,0.0,0.067,0.05,0.15,0.1,0.1,0.6
436,MultiAgentRL_mlp_ppo,0,NOOP,0.103134,-0.049541,0.098957,0,84,210.00758556108772,358.9589595794678,104,0.5968319819523737,3972.513671875,26.288190446449953,2,2,1,0.0,0.067,0.05,0.15,0.1,0.1,0.6,98,275.6375848287331,342.60034561157227,107,0.5825440593969042,3989.26171875,26.473064905207398,2,3,2,0.0,0.067,0.05,0.15,0.1,0.1,0.6
437,MultiAgentRL_mlp_ppo,0,NOOP,0.099943,-0.049442,0.09358,0,98,275.6375848287331,342.60034561157227,107,0.5825440593969042,3989.26171875,26.473064905207398,2,3,2,0.0,0.067,0.05,0.15,0.1,0.1,0.6,53,194.6101478279292,455.6460380554199,110,0.5684636896306818,4001.984375,26.660428922277728,2,4,3,0.0,0.067,0.05,0.15,0.1,0.15,0.55
438,MultiAgentRL_mlp_ppo,1,COMPACT_32KB,0.104237,-0.079378,0.114809,0,53,194.6101478279292,455.6460380554199,110,0.5684636896306818,4001.984375,26.660428922277728,2,4,3,0.0,0.067,0.05,0.15,0.1,0.15,0.55,52,132.62806837675444,306.0574531555176,95,0.6521495618318257,3965.0693359375,25.63470057752089,2,0,4,0.0,0.067,0.05,0.15,0.1,0.15,0.55
439,MultiAgentRL_mlp_ppo,0,NOOP,0.114634,-0.034401,0.110511,0,52,132.62806837675444,306.0574531555176,95,0.6521495618318257,3965.0693359375,25.63470057752089,2,0,4,0.0,0.067,0.05,0.15,0.1,0.15,0.55,67,218.62396335448375,328.62401008605957,98,0.6344188768036512,3979.0751953125,26.038805113451012,2,1,5,0.0,0.067,0.05,0.15,0.1,0.15,0.55
440,MultiAgentRL_mlp_ppo,0,NOOP,0.110876,-0.034431,0.103162,0,67,218.62396335448375,328.62401008605957,98,0.6344188768036512,3979.0751953125,26.038805113451012,2,1,5,0.0,0.067,0.05,0.15,0.1,0.15,0.55,51,156.9434324402849,511.97290420532227,101,0.6175058194906404,3991.5576171875,26.388625464218382,2,2,6,0.0,0.067,0.05,0.1,0.1,0.15,0.6
441,MultiAgentRL_mlp_ppo,0,NOOP,0.107347,-0.034455,0.102762,0,51,156.9434324402849,511.97290420532227,101,0.6175058194906404,3991.5576171875,26.388625464218382,2,2,6,0.0,0.067,0.05,0.1,0.1,0.15,0.6,62,224.2834984682472,359.22837257385254,104,0.6017332810621995,4005.13671875,26.659409301396693,2,3,7,0.0,0.067,0.05,0.05,0.1,0.2,0.6
442,MultiAgentRL_mlp_ppo,0,NOOP,0.103977,-0.042849,0.099691,0,62,224.2834984682472,359.22837257385254,104,0.6017332810621995,4005.13671875,26.659409301396693,2,3,7,0.0,0.067,0.05,0.05,0.1,0.2,0.6,56,185.6099379274648,348.05989265441895,107,0.5867604763708382,4018.1357421875,26.883985645142733,2,4,8,0.0,0.0335,0.05,0.05,0.1,0.15,0.65
443,MultiAgentRL_mlp_ppo,1,COMPACT_32KB,0.103782,-0.079525,0.114129,0,56,185.6099379274648,348.05989265441895,107,0.5867604763708382,4018.1357421875,26.883985645142733,2,4,8,0.0,0.0335,0.05,0.05,0.1,0.15,0.65,88,214.20573105279774,318.55249404907227,96,0.6505004564921061,3996.6748046875,25.485439068831706,2,0,9,0.0,0.0335,0.0,0.05,0.1,0.15,0.7
444,MultiAgentRL_mlp_ppo,0,NOOP,0.114203,-0.034544,0.107839,0,88,214.20573105279774,318.55249404907227,96,0.6505004564921061,3996.6748046875,25.485439068831706,2,0,9,0.0,0.0335,0.0,0.05,0.1,0.15,0.7,59,240.60477507224056,441.9867992401123,99,0.6328915682705966,4010.0009765625,25.897606758638155,2,1,10,0.0,0.0335,0.0,0.05,0.1,0.2,0.65
445,MultiAgentRL_mlp_ppo,0,NOOP,0.110591,-0.034597,0.106625,0,59,240.60477507224056,441.9867992401123,99,0.6328915682705966,4010.0009765625,25.897606758638155,2,1,10,0.0,0.0335,0.0,0.05,0.1,0.2,0.65,87,272.06559914467016,325.772762298584,102,0.6167047538009345,4025.8486328125,26.202967359619635,2,2,11,0.0,0.0335,0.0,0.05,0.1,0.2,0.65
446,MultiAgentRL_mlp_ppo,0,NOOP,0.107126,-0.034624,0.102341,0,87,272.06559914467016,325.772762298584,102,0.6167047538009345,4025.8486328125,26.202967359619635,2,2,11,0.0,0.0335,0.0,0.05,0.1,0.2,0.65,73,288.18746140987605,370.48912048339844,105,0.6012552897135417,4040.435546875,26.46433698601706,2,3,12,0.0,0.0335,0.0,0.05,0.1,0.25,0.6
447,MultiAgentRL_mlp_ppo,0,NOOP,0.103838,-0.043031,0.099874,0,73,288.18746140987605,370.48912048339844,105,0.6012552897135417,4040.435546875,26.46433698601706,2,3,12,0.0,0.0335,0.0,0.05,0.1,0.25,0.6,75,296.3957385424096,333.1930637359619,108,0.5866912559226707,4055.2099609375,26.67268669983549,2,4,13,0.0,0.0,0.0,0.05,0.1,0.2,0.65
448,MultiAgentRL_mlp_ppo,0,NOOP,0.100708,-0.034683,0.079818,0,75,296.3957385424096,333.1930637359619,108,0.5866912559226707,4055.2099609375,26.67268669983549,2,4,13,0.0,0.0,0.0,0.05,0.1,0.2,0.65,75,297.06133156554284,1183.2332611083984,111,0.5729143297350084,4069.9833984375,26.83807963359481,2,5,14,0.0,0.0,0.0,0.05,0.15,0.2,0.6
449,MultiAgentRL_mlp_ppo,0,NOOP,0.097718,-0.034707,0.093183,0,75,297.06133156554284,1183.2332611083984,111,0.5729143297350084,4069.9833984375,26.83807963359481,2,5,14,0.0,0.0,0.0,0.05,0.15,0.2,0.6,73,282.61443106371706,369.23813819885254,114,0.5598385459498355,4084.58203125,26.96863076399984,2,6,15,0.0,0.0,0.0,0.05,0.15,0.2,0.6
450,MultiAgentRL_mlp_ppo,1,COMPACT_32KB,0.101159,-0.079763,0.111494,0,73,282.61443106371706,369.23813819885254,114,0.5598385459498355,4084.58203125,26.96863076399984,2,6,15,0.0,0.0,0.0,0.05,0.15,0.2,0.6,86,279.85478063400416,322.9503631591797,99,0.6392631145438763,4050.37109375,25.448809142976728,2,0,16,0.0,0.0,0.0,0.05,0.15,0.2,0.6
451,MultiAgentRL_mlp_ppo,0,NOOP,0.111724,-0.034795,0.107066,0,86,279.85478063400416,322.9503631591797,99,0.6392631145438763,4050.37109375,25.448809142976728,2,0,16,0.0,0.0,0.0,0.05,0.15,0.2,0.6,50,197.0527850833303,360.426664352417,102,0.622371000402114,4062.837890625,25.833720233265186,2,1,17,0.0,0.0,0.0,0.05,0.1,0.25,0.6
452,MultiAgentRL_mlp_ppo,0,NOOP,0.108113,0.342061,0.305377,0,50,197.0527850833303,360.426664352417,102,0.622371000402114,4062.837890625,25.833720233265186,2,1,17,0.0,0.0,0.0,0.05,0.1,0.25,0.6,31,123.23642439907002,318.03297996520996,105,0.606188238234747,4073.5849609375,26.171741873219606,2,2,18,0.67,0.0335,0.0,0.1,0.1,0.25,0.55
453,MultiAgentRL_mlp_ppo,0,NOOP,0.104727,0.34203,0.29959,0,31,123.23642439907002,318.03297996520996,105,0.606188238234747,4073.5849609375,26.171741873219606,2,2,18,0.67,0.0335,0.0,0.1,0.1,0.25,0.55,49,202.79212516379596,441.8516159057617,108,0.5911362259476273,4085.93359375,26.430376960848996,2,3,19,0.67,0.067,0.0,0.15,0.05,0.25,0.55
454,MultiAgentRL_mlp_ppo,0,NOOP,0.101482,-0.03487,0.094277,0,49,202.79212516379596,441.8516159057617,108,0.5911362259476273,4085.93359375,26.430376960848996,2,3,19,0.67,0.067,0.0,0.15,0.05,0.25,0.55,40,135.84163322016715,499.0367889404297,111,0.5767869004258165,4097.494140625,26.648902614638857,2,4,20,0.0,0.067,0.05,0.1,0.05,0.25,0.55
455,MultiAgentRL_mlp_ppo,1,COMPACT_32KB,0.484191,0.296991,0.312789,0,40,135.84163322016715,499.0367889404297,111,0.5767869004258165,4097.494140625,26.648902614638857,2,4,20,0.0,0.067,0.05,0.1,0.05,0.25,0.55,28,109.80674695190366,334.76972579956055,99,0.6419233842329546,4067.2265625,25.297347236597133,2,0,21,0.67,0.1005,0.05,0.15,0.05,0.25,0.5
456,MultiAgentRL_mlp_ppo,5,PARTITION_REGION,-0.342345,-0.284901,0.108,0,28,109.80674695190366,334.76972579956055,99,0.6419233842329546,4067.2265625,25.297347236597133,2,0,21,0.67,0.1005,0.05,0.15,0.05,0.25,0.5,36,141.22262106737946,337.53299713134766,102,0.6247533162434896,4078.3896484375,25.713728181011795,2,1,22,0.0,0.1005,0.05,0.15,0.05,0.25,0.5
457,MultiAgentRL_mlp_ppo,7,REMOVE_PARTITION,0.044945,-0.06991,0.089928,0,36,141.22262106737946,337.53299713134766,102,0.6247533162434896,4078.3896484375,25.713728181011795,2,1,22,0.0,0.1005,0.05,0.15,0.05,0.25,0.5,33,131.0859030503235,1063.899278640747,105,0.6085302443731399,4089.3232421875,26.060102818761802,0,2,0,0.0,0.1005,0.05,0.15,0.1,0.2,0.5
458,MultiAgentRL_mlp_ppo,0,NOOP,0.107481,-0.034896,0.103484,0,33,131.0859030503235,1063.899278640747,105,0.6085302443731399,4089.3232421875,26.060102818761802,0,2,0,0.0,0.1005,0.05,0.15,0.1,0.2,0.5,36,137.97027417713053,332.35907554626465,106,0.6036559770692069,4095.2021484375,26.133817682265775,0,3,1,0.0,0.1005,0.05,0.15,0.1,0.2,0.5
459,MultiAgentRL_mlp_ppo,0,NOOP,0.106393,-0.034884,0.091323,0,36,137.97027417713053,332.35907554626465,106,0.6036559770692069,4095.2021484375,26.133817682265775,0,3,1,0.0,0.1005,0.05,0.15,0.1,0.2,0.5,33,129.52445263363768,887.2287273406982,107,0.5988388774550963,4100.8486328125,26.20502075845092,0,4,2,0.0,0.1005,0.05,0.15,0.15,0.2,0.45
460,MultiAgentRL_mlp_ppo,0,NOOP,0.105335,-0.03487,0.09813,0,33,129.52445263363768,887.2287273406982,107,0.5988388774550963,4100.8486328125,26.20502075845092,0,4,2,0.0,0.1005,0.05,0.15,0.15,0.2,0.45,38,156.98451464716206,495.2237606048584,108,0.5941727249710648,4106.921875,26.266271071940235,0,5,3,0.0,0.1005,0.1,0.15,0.15,0.2,0.4
461,MultiAgentRL_mlp_ppo,0,NOOP,0.104301,-0.034855,0.093041,0,38,156.98451464716206,495.2237606048584,108,0.5941727249710648,4106.921875,26.266271071940235,0,5,3,0.0,0.1005,0.1,0.15,0.15,0.2,0.4,41,171.96182103083217,699.2669105529785,109,0.5896318068198108,4113.271484375,26.319858197507536,0,6,4,0.0,0.1005,0.15,0.15,0.15,0.15,0.4
462,MultiAgentRL_mlp_ppo,0,NOOP,0.103282,-0.034841,0.099278,0,41,171.96182103083217,699.2669105529785,109,0.5896318068198108,4113.271484375,26.319858197507536,0,6,4,0.0,0.1005,0.15,0.15,0.15,0.15,0.4,39,154.77107243623345,337.68749237060547,110,0.5851601340553977,4119.52734375,26.370227580101083,0,7,5,0.0,0.1005,0.15,0.15,0.15,0.15,0.4
463,MultiAgentRL_mlp_ppo,0,NOOP,0.102305,-0.034824,0.097868,0,39,154.77107243623345,337.68749237060547,110,0.5851601340553977,4119.52734375,26.370227580101083,0,7,5,0.0,0.1005,0.15,0.15,0.15,0.15,0.4,50,203.44778745952198,360.5828285217285,111,0.5808988004117399,4126.705078125,26.406879169228404,0,8,6,0.0,0.1005,0.15,0.15,0.15,0.15,0.4
464,MultiAgentRL_mlp_ppo,0,NOOP,0.101325,-0.03481,0.095666,0,50,203.44778745952198,360.5828285217285,111,0.5808988004117399,4126.705078125,26.406879169228404,0,8,6,0.0,0.1005,0.15,0.15,0.15,0.15,0.4,43,153.91980692077726,422.96528816223145,112,0.5766258239746094,4133.25390625,26.446495423353664,0,9,7,0.0,0.1005,0.15,0.15,0.15,0.1,0.45
465,MultiAgentRL_mlp_ppo,0,NOOP,0.100313,-0.034803,0.095964,0,43,153.91980692077726,422.96528816223145,112,0.5766258239746094,4133.25390625,26.446495423353664,0,9,7,0.0,0.1005,0.15,0.15,0.15,0.1,0.45,24,106.45824405699867,358.7043285369873,113,0.5721881157529037,4138.064453125,26.50070391159051,0,10,8,0.0,0.1005,0.15,0.15,0.15,0.1,0.45
466,MultiAgentRL_mlp_ppo,1,COMPACT_32KB,0.48396,-0.122717,0.111168,0,24,106.45824405699867,358.7043285369873,113,0.5721881157529037,4138.064453125,26.50070391159051,0,10,8,0.0,0.1005,0.15,0.15,0.15,0.1,0.45,25,102.25869525996792,355.52048683166504,100,0.6413929748535157,4104.9150390625,25.055653562535223,0,0,9,0.0,0.1005,0.15,0.15,0.15,0.05,0.5
467,MultiAgentRL_mlp_ppo,0,NOOP,0.114557,-0.077748,0.109373,0,25,102.25869525996792,355.52048683166504,100,0.6413929748535157,4104.9150390625,25.055653562535223,0,0,9,0.0,0.1005,0.15,0.15,0.15,0.05,0.5,32,135.39539716453714,385.4787349700928,101,0.635910940642404,4110.5283203125,25.178177040739193,0,1,10,0.0,0.1005,0.15,0.15,0.15,0.1,0.45
468,MultiAgentRL_mlp_ppo,0,NOOP,0.113399,-0.077795,0.109387,0,32,135.39539716453714,385.4787349700928,101,0.635910940642404,4110.5283203125,25.178177040739193,0,1,10,0.0,0.1005,0.15,0.15,0.15,0.1,0.45,48,203.03943265386803,328.1118869781494,102,0.6307461308498009,4117.5107421875,25.274664583465462,0,2,11,0.0,0.1005,0.15,0.2,0.1,0.1,0.45
469,MultiAgentRL_mlp_ppo,0,NOOP,0.112219,-0.077827,0.108322,0,48,203.03943265386803,328.1118869781494,102,0.6307461308498009,4117.5107421875,25.274664583465462,0,2,11,0.0,0.1005,0.15,0.2,0.1,0.1,0.45,32,141.36783011137302,323.5752582550049,103,0.6254676892919447,4123.0830078125,25.383074283480767,0,3,12,0.0,0.1005,0.15,0.2,0.1,0.1,0.45
470,MultiAgentRL_mlp_ppo,0,NOOP,0.111058,-0.077858,0.10304,0,32,141.36783011137302,323.5752582550049,103,0.6254676892919447,4123.0830078125,25.383074283480767,0,3,12,0.0,0.1005,0.15,0.2,0.1,0.1,0.45,32,107.95550118276897,530.8947563171387,104,0.6202906095064603,4128.654296875,25.48455228267585,0,4,13,0.0,0.1005,0.2,0.2,0.1,0.1,0.4
471,MultiAgentRL_mlp_ppo,1,COMPACT_32KB,0.484454,-0.122894,0.108931,0,32,107.95550118276897,530.8947563171387,104,0.6202906095064603,4128.654296875,25.48455228267585,0,4,13,0.0,0.1005,0.2,0.2,0.1,0.1,0.4,37,151.6865032665684,492.0384883880615,100,0.6438604736328125,4120.70703125,24.9420828638953,0,0,14,0.0,0.1005,0.2,0.2,0.1,0.05,0.45
472,MultiAgentRL_mlp_ppo,0,NOOP,0.115075,-0.086311,0.110625,0,37,151.6865032665684,492.0384883880615,100,0.6438604736328125,4120.70703125,24.9420828638953,0,0,14,0.0,0.1005,0.2,0.2,0.1,0.05,0.45,43,160.9733926096235,348.74415397644043,101,0.6384987406211324,4127.255859375,25.055526936274777,0,1,15,0.0,0.067,0.2,0.15,0.1,0.05,0.5
473,MultiAgentRL_mlp_ppo,0,NOOP,0.113881,-0.086347,0.108747,0,43,160.9733926096235,348.74415397644043,101,0.6384987406211324,4127.255859375,25.055526936274777,0,1,15,0.0,0.067,0.2,0.15,0.1,0.05,0.5,37,159.1679697395803,384.19127464294434,102,0.6331537284103095,4133.2275390625,25.169421065289853,0,2,16,0.0,0.0335,0.2,0.15,0.1,0.05,0.5
474,MultiAgentRL_mlp_ppo,0,NOOP,0.112691,-0.078001,0.108873,0,37,159.1679697395803,384.19127464294434,102,0.6331537284103095,4133.2275390625,25.169421065289853,0,2,16,0.0,0.0335,0.2,0.15,0.1,0.05,0.5,30,125.41374966112237,319.66352462768555,103,0.6278292461506372,4138.650390625,25.283384793241478,0,3,17,0.0,0.0335,0.15,0.15,0.1,0.05,0.55
475,MultiAgentRL_mlp_ppo,0,NOOP,0.111523,-0.086406,0.100667,0,30,125.41374966112237,319.66352462768555,103,0.6278292461506372,4138.650390625,25.283384793241478,0,3,17,0.0,0.0335,0.15,0.15,0.1,0.05,0.55,31,127.7516169949783,672.8007793426514,104,0.6226158142089844,4144.130859375,25.389396038098614,0,4,18,0.0,0.0,0.2,0.1,0.1,0.05,0.55
476,MultiAgentRL_mlp_ppo,1,COMPACT_32KB,0.483628,-0.123069,0.11043,0,31,127.7516169949783,672.8007793426514,104,0.6226158142089844,4144.130859375,25.389396038098614,0,4,18,0.0,0.0,0.2,0.1,0.1,0.05,0.55,39,140.24825930578,377.0577907562256,101,0.6403541187248608,4139.2490234375,24.919322188225312,0,0,19,0.0,0.0,0.2,0.1,0.1,0.05,0.55
477,MultiAgentRL_mlp_ppo,0,NOOP,0.114264,-0.07811,0.107366,0,39,140.24825930578,377.0577907562256,101,0.6403541187248608,4139.2490234375,24.919322188225312,0,0,19,0.0,0.0,0.2,0.1,0.1,0.05,0.55,42,148.6512238610502,472.4133014678955,102,0.635070052801394,4145.7373046875,25.029776114763646,0,1,20,0.0,0.0,0.2,0.1,0.05,0.05,0.6
478,MultiAgentRL_mlp_ppo,5,PARTITION_REGION,-0.06872,-0.178149,0.108057,0,42,148.6512238610502,472.4133014678955,102,0.635070052801394,4145.7373046875,25.029776114763646,0,1,20,0.0,0.0,0.2,0.1,0.05,0.05,0.6,41,131.58681334825962,380.83958625793457,103,0.6298674055673543,4152.0859375,25.1349777426114,2,2,0,0.0,0.0,0.2,0.15,0.05,0.05,0.55
479,MultiAgentRL_mlp_ppo,0,NOOP,0.109523,-0.078045,0.104926,0,41,131.58681334825962,380.83958625793457,103,0.6298674055673543,4152.0859375,25.1349777426114,2,2,0,0.0,0.0,0.2,0.15,0.05,0.05,0.55,49,164.0753088972466,362.37454414367676,106,0.6138649706570607,4164.4599609375,25.496650685297983,2,3,1,0.0,0.0,0.2,0.15,0.0,0.05,0.6
480,MultiAgentRL_mlp_ppo,0,NOOP,0.106073,-0.077983,0.098642,0,49,164.0753088972466,362.37454414367676,106,0.6138649706570607,4164.4599609375,25.496650685297983,2,3,1,0.0,0.0,0.2,0.15,0.0,0.05,0.6,29,95.39125176944825,507.8096389770508,109,0.5984884839539134,4175.0556640625,25.817850165336644,2,4,2,0.0,0.0,0.2,0.15,0.0,0.05,0.6
481,MultiAgentRL_mlp_ppo,1,COMPACT_32KB,0.482838,-0.079834,0.109686,0,29,95.39125176944825,507.8096389770508,109,0.5984884839539134,4175.0556640625,25.817850165336644,2,4,2,0.0,0.0,0.2,0.15,0.0,0.05,0.6,24,76.97394777932921,376.01232528686523,102,0.6370332007314644,4158.552734375,25.41713133280907,2,0,3,0.0,0.0,0.15,0.15,0.0,0.05,0.65
482,MultiAgentRL_mlp_ppo,0,NOOP,0.111005,-0.034862,0.099342,0,24,76.97394777932921,376.01232528686523,102,0.6370332007314644,4158.552734375,25.41713133280907,2,0,3,0.0,0.0,0.15,0.15,0.0,0.05,0.65,47,143.97898879178248,714.4026756286621,105,0.6206500825427828,4170.7685546875,25.79063377981294,2,1,4,0.0,0.0,0.2,0.15,0.0,0.05,0.6
483,MultiAgentRL_mlp_ppo,0,NOOP,0.107544,-0.034882,0.088213,0,47,143.97898879178248,714.4026756286621,105,0.6206500825427828,4170.7685546875,25.79063377981294,2,1,4,0.0,0.0,0.2,0.15,0.0,0.05,0.6,50,166.78651839091702,1101.574182510376,108,0.6052207946777344,4183.2861328125,26.095361066659436,2,2,5,0.0,0.0,0.2,0.15,0.05,0.05,0.55
484,MultiAgentRL_mlp_ppo,0,NOOP,0.105302,0.341972,0.302183,0,50,166.78651839091702,1101.574182510376,108,0.6052207946777344,4183.2861328125,26.095361066659436,2,2,5,0.0,0.0,0.2,0.15,0.05,0.05,0.55,23,79.3152458370777,343.43624114990234,110,0.5952592329545454,4190.625,26.2798333609861,2,3,6,0.67,0.0335,0.2,0.2,0.05,0.05,0.5
485,MultiAgentRL_mlp_ppo,0,NOOP,0.102084,-0.03491,0.091552,0,23,79.3152458370777,343.43624114990234,110,0.5952592329545454,4190.625,26.2798333609861,2,3,6,0.67,0.0335,0.2,0.2,0.05,0.05,0.5,39,135.03096061614153,667.8366661071777,113,0.5810430746162887,4202.103515625,26.50952073268647,2,4,7,0.0,0.0335,0.2,0.2,0.05,0.1,0.45
486,MultiAgentRL_mlp_ppo,1,COMPACT_32KB,0.484646,-0.079923,0.111705,0,39,135.03096061614153,667.8366661071777,113,0.5810430746162887,4202.103515625,26.50952073268647,2,4,7,0.0,0.0335,0.2,0.2,0.05,0.1,0.45,28,77.8890669270032,364.1972541809082,101,0.6454442090327197,4172.1513671875,25.067922011209106,2,0,8,0.0,0.0335,0.2,0.2,0.05,0.1,0.45
487,MultiAgentRL_mlp_ppo,0,NOOP,0.112687,0.34194,0.307226,0,28,77.8890669270032,364.1972541809082,101,0.6454442090327197,4172.1513671875,25.067922011209106,2,0,8,0.0,0.0335,0.2,0.2,0.05,0.1,0.45,31,78.71329609452611,453.0637264251709,104,0.6284373356745794,4182.87890625,25.502556837042857,2,1,9,0.67,0.067,0.2,0.25,0.05,0.05,0.45
488,MultiAgentRL_mlp_ppo,0,NOOP,0.10914,-0.034956,0.104215,0,31,78.71329609452611,453.0637264251709,104,0.6284373356745794,4182.87890625,25.502556837042857,2,1,9,0.67,0.067,0.2,0.25,0.05,0.05,0.45,45,150.96390582096322,379.97961044311523,107,0.6125729284553885,4194.8994140625,25.84679973210778,2,2,10,0.0,0.067,0.2,0.2,0.05,0.05,0.5
489,MultiAgentRL_mlp_ppo,0,NOOP,0.105721,0.341901,0.302849,0,45,150.96390582096322,379.97961044311523,107,0.6125729284553885,4194.8994140625,25.84679973210778,2,2,10,0.0,0.067,0.2,0.2,0.05,0.05,0.5,29,83.65524920546822,331.1176300048828,110,0.5973556518554688,4205.3837890625,26.149941225889375,2,3,11,0.67,0.1005,0.2,0.25,0.05,0.05,0.45
490,MultiAgentRL_mlp_ppo,0,NOOP,0.102491,-0.034987,0.094115,0,29,83.65524920546822,331.1176300048828,110,0.5973556518554688,4205.3837890625,26.149941225889375,2,3,11,0.67,0.1005,0.2,0.25,0.05,0.05,0.45,39,158.55007458484013,560.0919723510742,113,0.5830822159758712,4216.8505859375,26.389043452021166,2,4,12,0.0,0.1005,0.2,0.25,0.05,0.05,0.45
491,MultiAgentRL_mlp_ppo,1,COMPACT_32KB,0.483822,-0.080006,0.111397,0,39,158.55007458484013,560.0919723510742,113,0.5830822159758712,4216.8505859375,26.389043452021166,2,4,12,0.0,0.1005,0.2,0.25,0.05,0.05,0.45,37,112.39367162406347,339.663028717041,102,0.6419496723249847,4190.6474609375,25.073978408138334,2,0,13,0.0,0.1005,0.2,0.25,0.05,0.05,0.45
492,MultiAgentRL_mlp_ppo,0,NOOP,0.111924,-0.035027,0.103734,0,37,112.39367162406347,339.663028717041,102,0.6419496723249847,4190.6474609375,25.073978408138334,2,0,13,0.0,0.1005,0.2,0.25,0.05,0.05,0.45,34,108.06367441088591,540.7516956329346,105,0.6252428327287947,4201.6318359375,25.491714352684422,2,1,14,0.0,0.1005,0.2,0.25,0.05,0.05,0.45
493,MultiAgentRL_mlp_ppo,0,NOOP,0.108356,-0.035036,0.103336,0,34,108.06367441088591,540.7516956329346,105,0.6252428327287947,4201.6318359375,25.491714352684422,2,1,14,0.0,0.1005,0.2,0.25,0.05,0.05,0.45,21,64.20480134357146,386.02662086486816,108,0.6092824582700376,4211.3603515625,25.854824222572518,2,2,15,0.0,0.1005,0.2,0.2,0.05,0.05,0.5
494,MultiAgentRL_mlp_ppo,0,NOOP,0.105032,-0.035052,0.100278,0,21,64.20480134357146,386.02662086486816,108,0.6092824582700376,4211.3603515625,25.854824222572518,2,2,15,0.0,0.1005,0.2,0.2,0.05,0.05,0.5,47,165.01921811615918,376.4498233795166,111,0.5945336969049128,4223.5673828125,26.126931827926608,2,3,16,0.0,0.1005,0.2,0.2,0.05,0.05,0.5
495,MultiAgentRL_mlp_ppo,0,NOOP,0.101814,-0.035074,0.085391,0,47,165.01921811615918,376.4498233795166,111,0.5945336969049128,4223.5673828125,26.126931827926608,2,3,16,0.0,0.1005,0.2,0.2,0.05,0.05,0.5,29,89.45097967117054,963.6726379394531,114,0.5803209271347314,4234.021484375,26.37029696837939,2,4,17,0.0,0.1005,0.15,0.2,0.1,0.05,0.5
496,MultiAgentRL_mlp_ppo,1,COMPACT_32KB,0.484253,-0.080086,0.111709,0,29,89.45097967117054,963.6726379394531,114,0.5803209271347314,4234.021484375,26.37029696837939,2,4,17,0.0,0.1005,0.15,0.2,0.1,0.05,0.5,33,107.79803643942262,345.5936908721924,102,0.6441046022901348,4204.71484375,24.91195592685921,2,0,18,0.0,0.1005,0.15,0.2,0.1,0.05,0.5
497,MultiAgentRL_mlp_ppo,0,NOOP,0.112319,-0.035096,0.089849,0,33,107.79803643942262,345.5936908721924,102,0.6441046022901348,4204.71484375,24.91195592685921,2,0,18,0.0,0.1005,0.15,0.2,0.1,0.05,0.5,25,91.19590609198421,1254.744291305542,105,0.6272184826078869,4214.908203125,25.35345382390214,2,1,19,0.0,0.1005,0.15,0.2,0.15,0.05,0.45
498,MultiAgentRL_mlp_ppo,0,NOOP,0.108793,-0.035105,0.103475,0,25,91.19590609198421,1254.744291305542,105,0.6272184826078869,4214.908203125,25.35345382390214,2,1,19,0.0,0.1005,0.15,0.2,0.15,0.05,0.45,40,109.04549212506305,400.8827209472656,108,0.6114648889612269,4226.4453125,25.703850513837953,2,2,20,0.0,0.1005,0.15,0.15,0.15,0.1,0.45
499,MultiAgentRL_mlp_ppo,6,PARTITION_EVENT_TYPE,-0.076367,-0.135117,0.101108,0,40,109.04549212506305,400.8827209472656,108,0.6114648889612269,4226.4453125,25.703850513837953,2,2,20,0.0,0.1005,0.15,0.15,0.15,0.1,0.45,45,113.89703845715185,355.9224605560303,111,0.5966330863334037,4238.4814453125,25.9885332727195,3,3,0,0.0,0.1005,0.15,0.15,0.15,0.1,0.45
500,MultiAgentRL_mlp_ppo,0,NOOP,0.102238,-0.035071,0.094373,1,45,113.89703845715185,355.9224605560303,111,0.5966330863334037,4238.4814453125,25.9885332727195,3,3,0,0.0,0.1005,0.15,0.15,0.15,0.1,0.45,34,107.67528810920477,535.7775688171387,114,0.5824412295692846,4249.4912109375,26.23544463759228,3,4,1,0.0,0.1005,0.15,0.15,0.15,0.1,0.45
