step,policy_name,action,action_name,compact_reward,partition_reward,global_reward,done,rows_ingested,ingestion_rate_rows_per_sec,latency_ms,file_count,block_utilization,total_size_kb,file_size_skew_kb,partition_strategy,steps_since_compact,steps_since_partition_change,partition_pruning_ratio,avg_pruning_ratio,query_hist_time_range,query_hist_region_filter,query_hist_sensor_lookup,query_hist_type_filter,query_hist_full_scan,next_rows_ingested,next_ingestion_rate_rows_per_sec,next_latency_ms,next_file_count,next_block_utilization,next_total_size_kb,next_file_size_skew_kb,next_partition_strategy,next_steps_since_compact,next_steps_since_partition_change,next_partition_pruning_ratio,next_avg_pruning_ratio,next_query_hist_time_range,next_query_hist_region_filter,next_query_hist_sensor_lookup,next_query_hist_type_filter,next_query_hist_full_scan
1,frozen_mlp_ppo_seed3,0,NOOP,0.017844,0.0,0.016997,0,0,0.0,0.0,0,0.0,0.0,0.0,0,0,0,0.0,0.0,0.0,0.0,0.0,0.0,0.0,34,211.55228269012528,43.60222816467285,1,0.08984375,5.75,0.0,0,1,1,0.0,0.0,0.0,1.0,0.0,0.0,0.0
2,frozen_mlp_ppo_seed3,0,NOOP,0.018694,0.0,0.017637,0,34,211.55228269012528,43.60222816467285,1,0.08984375,5.75,0.0,0,1,1,0.0,0.0,0.0,1.0,0.0,0.0,0.0,41,225.57416409785532,55.35554885864258,2,0.09471893310546875,12.1240234375,0.4412512042755897,0,2,2,0.0,0.0,0.0,0.5,0.0,0.5,0.0
3,frozen_mlp_ppo_seed3,0,NOOP,0.017926,0.0,0.016759,0,41,225.57416409785532,55.35554885864258,2,0.09471893310546875,12.1240234375,0.4412512042755897,0,2,2,0.0,0.0,0.0,0.5,0.0,0.5,0.0,31,174.61269689070812,62.10589408874512,3,0.0915069580078125,17.5693359375,0.4734173156665789,0,3,3,0.0,0.0,0.0,0.3333333333333333,0.0,0.6666666666666666,0.0
4,frozen_mlp_ppo_seed3,0,NOOP,0.018252,0.0,0.01714,0,31,174.61269689070812,62.10589408874512,3,0.0915069580078125,17.5693359375,0.4734173156665789,0,3,3,0.0,0.0,0.0,0.3333333333333333,0.0,0.6666666666666666,0.0,42,240.36946000341123,60.57310104370117,4,0.09375762939453125,24.001953125,0.482088661175397,0,4,4,0.0,0.0,0.0,0.25,0.0,0.75,0.0
5,frozen_mlp_ppo_seed3,0,NOOP,0.017736,0.0,0.015245,0,42,240.36946000341123,60.57310104370117,4,0.09375762939453125,24.001953125,0.482088661175397,0,4,4,0.0,0.0,0.0,0.25,0.0,0.75,0.0,30,174.64332705984245,130.77354431152344,5,0.091802978515625,29.376953125,0.5025477349681629,0,5,5,0.0,0.0,0.2,0.2,0.0,0.6,0.0
6,frozen_mlp_ppo_seed3,0,NOOP,0.018148,0.0,0.017108,0,30,174.64332705984245,130.77354431152344,5,0.091802978515625,29.376953125,0.5025477349681629,0,5,5,0.0,0.0,0.2,0.2,0.0,0.6,0.0,47,252.23473052666327,59.48781967163086,6,0.09448750813802083,36.283203125,0.6157558140812557,0,6,6,0.0,0.0,0.16666666666666666,0.16666666666666666,0.0,0.5,0.16666666666666666
7,frozen_mlp_ppo_seed3,0,NOOP,0.018491,0.0,0.016546,0,47,252.23473052666327,59.48781967163086,6,0.09448750813802083,36.283203125,0.6157558140812557,0,6,6,0.0,0.0,0.16666666666666666,0.16666666666666666,0.0,0.5,0.16666666666666666,49,278.07816246231783,105.96966743469238,7,0.09682791573660714,43.37890625,0.6877599777847843,0,7,7,0.0,0.0,0.14285714285714285,0.14285714285714285,0.14285714285714285,0.42857142857142855,0.14285714285714285
8,frozen_mlp_ppo_seed3,0,NOOP,0.01804,0.0,0.016083,0,49,278.07816246231783,105.96966743469238,7,0.09682791573660714,43.37890625,0.6877599777847843,0,7,7,0.0,0.0,0.14285714285714285,0.14285714285714285,0.14285714285714285,0.42857142857142855,0.14285714285714285,30,172.53362804434926,107.87034034729004,8,0.09520149230957031,48.7431640625,0.7015126831155747,0,8,8,0.0,0.0,0.25,0.125,0.125,0.375,0.125
9,frozen_mlp_ppo_seed3,0,NOOP,0.018063,0.0,0.015828,0,30,172.53362804434926,107.87034034729004,8,0.09520149230957031,48.7431640625,0.7015126831155747,0,8,8,0.0,0.0,0.25,0.125,0.125,0.375,0.125,43,243.92909146238378,123.01015853881836,9,0.09594048394097222,55.26171875,0.6713693376853703,0,9,9,0.0,0.0,0.3333333333333333,0.1111111111111111,0.1111111111111111,0.3333333333333333,0.1111111111111111
10,frozen_mlp_ppo_seed3,0,NOOP,0.017888,0.0,0.016795,0,43,243.92909146238378,123.01015853881836,9,0.09594048394097222,55.26171875,0.6713693376853703,0,9,9,0.0,0.0,0.3333333333333333,0.1111111111111111,0.1111111111111111,0.3333333333333333,0.1111111111111111,37,219.5883678020398,67.18206405639648,10,0.09569091796875,61.2421875,0.6349850715758064,0,10,10,0.0,0.0,0.3,0.1,0.1,0.3,0.2
11,frozen_mlp_ppo_seed3,0,NOOP,0.017549,0.0,0.015435,0,37,219.5883678020398,67.18206405639648,10,0.09569091796875,61.2421875,0.6349850715758064,0,10,10,0.0,0.0,0.3,0.1,0.1,0.3,0.2,30,163.34168026450556,119.4305419921875,11,0.0946197509765625,66.6123046875,0.64388091598693,0,11,11,0.0,0.0,0.36363636363636365,0.09090909090909091,0.09090909090909091,0.2727272727272727,0.18181818181818182
12,frozen_mlp_ppo_seed3,0,NOOP,0.017318,0.0,0.012063,0,30,163.34168026450556,119.4305419921875,11,0.0946197509765625,66.6123046875,0.64388091598693,0,11,11,0.0,0.0,0.36363636363636365,0.09090909090909091,0.09090909090909091,0.2727272727272727,0.18181818181818182,33,184.3569073886862,277.7435779571533,12,0.09408823649088542,72.259765625,0.6251232834804472,0,12,12,0.0,0.0,0.3333333333333333,0.08333333333333333,0.16666666666666666,0.25,0.16666666666666666
13,frozen_mlp_ppo_seed3,0,NOOP,0.017299,0.0,0.014007,0,33,184.3569073886862,277.7435779571533,12,0.09408823649088542,72.259765625,0.6251232834804472,0,12,12,0.0,0.0,0.3333333333333333,0.08333333333333333,0.16666666666666666,0.25,0.16666666666666666,42,216.4735559583423,180.87172508239746,13,0.0946209247295673,78.724609375,0.6110021872768052,0,13,13,0.0,0.0,0.38461538461538464,0.07692307692307693,0.15384615384615385,0.23076923076923078,0.15384615384615385
14,frozen_mlp_ppo_seed3,0,NOOP,0.017299,0.0,0.014099,0,42,216.4735559583423,180.87172508239746,13,0.0946209247295673,78.724609375,0.6110021872768052,0,13,13,0.0,0.0,0.38461538461538464,0.07692307692307693,0.15384615384615385,0.23076923076923078,0.15384615384615385,44,214.909664271657,177.48785018920898,14,0.09524318150111608,85.337890625,0.6056486309471896,0,14,14,0.0,0.0,0.35714285714285715,0.07142857142857142,0.21428571428571427,0.21428571428571427,0.14285714285714285
15,frozen_mlp_ppo_seed3,0,NOOP,0.017279,0.0,0.014477,0,44,214.909664271657,177.48785018920898,14,0.09524318150111608,85.337890625,0.6056486309471896,0,14,14,0.0,0.0,0.35714285714285715,0.07142857142857142,0.21428571428571427,0.21428571428571427,0.14285714285714285,44,232.82668829882658,158.86425971984863,15,0.09577128092447916,91.9404296875,0.5981174393311871,0,15,15,0.0,0.0,0.4,0.06666666666666667,0.2,0.2,0.13333333333333333
16,frozen_mlp_ppo_seed3,0,NOOP,0.017301,0.0,0.01474,0,44,232.82668829882658,158.86425971984863,15,0.09577128092447916,91.9404296875,0.5981174393311871,0,15,15,0.0,0.0,0.4,0.06666666666666667,0.2,0.2,0.13333333333333333,47,253.44366976723256,148.03838729858398,16,0.09650421142578125,98.8203125,0.6075359535828585,0,16,16,0.0,0.0,0.4375,0.0625,0.1875,0.1875,0.125
17,frozen_mlp_ppo_seed3,0,NOOP,0.017028,0.0,0.013864,0,47,253.44366976723256,148.03838729858398,16,0.09650421142578125,98.8203125,0.6075359535828585,0,16,16,0.0,0.0,0.4375,0.0625,0.1875,0.1875,0.125,30,160.32230321424066,179.47006225585938,17,0.09576595530790441,104.193359375,0.6196629467092978,0,17,17,0.0,0.0,0.47058823529411764,0.058823529411764705,0.17647058823529413,0.17647058823529413,0.11764705882352941
18,frozen_mlp_ppo_seed3,1,COMPACT_32KB,0.424342,-0.045,0.054613,0,30,160.32230321424066,179.47006225585938,17,0.09576595530790441,104.193359375,0.6196629467092978,0,17,17,0.0,0.0,0.47058823529411764,0.058823529411764705,0.17647058823529413,0.17647058823529413,0.11764705882352941,45,234.03566636990158,82.37314224243164,4,0.28330230712890625,72.525390625,3.565995002202504,0,0,18,0.0,0.0,0.5,0.05555555555555555,0.16666666666666666,0.16666666666666666,0.1111111111111111
19,frozen_mlp_ppo_seed3,0,NOOP,0.049019,0.0,0.047008,0,45,234.03566636990158,82.37314224243164,4,0.28330230712890625,72.525390625,3.565995002202504,0,0,18,0.0,0.0,0.5,0.05555555555555555,0.16666666666666666,0.16666666666666666,0.1111111111111111,47,250.4749324679747,106.80031776428223,5,0.2482208251953125,79.4306640625,5.894250481594468,0,1,19,0.0,0.0,0.5263157894736842,0.05263157894736842,0.15789473684210525,0.15789473684210525,0.10526315789473684
20,frozen_mlp_ppo_seed3,0,NOOP,0.044244,0.0,0.042286,0,47,250.4749324679747,106.80031776428223,5,0.2482208251953125,79.4306640625,5.894250481594468,0,1,19,0.0,0.0,0.5263157894736842,0.05263157894736842,0.15789473684210525,0.15789473684210525,0.10526315789473684,48,256.9163543369486,105.38673400878906,6,0.22497049967447916,86.388671875,6.409289117712311,0,2,20,0.0,0.0,0.55,0.05,0.15,0.15,0.1
21,frozen_mlp_ppo_seed3,6,PARTITION_EVENT_TYPE,-0.141516,-0.1,0.038272,0,48,256.9163543369486,105.38673400878906,6,0.22497049967447916,86.388671875,6.409289117712311,0,2,20,0.0,0.0,0.55,0.05,0.15,0.15,0.1,35,198.02173373477075,110.27216911315918,7,0.2058868408203125,92.2373046875,6.683893413651912,3,3,0,0.0,0.0,0.55,0.0,0.2,0.15,0.1
22,frozen_mlp_ppo_seed3,0,NOOP,0.031384,-0.080428,0.029175,0,35,198.02173373477075,110.27216911315918,7,0.2058868408203125,92.2373046875,6.683893413651912,3,3,0,0.0,0.0,0.55,0.0,0.2,0.15,0.1,47,218.38218488214167,122.92766571044922,10,0.16316986083984375,104.4287109375,7.028068915490547,3,4,1,0.0,0.0,0.6,0.0,0.2,0.1,0.1
23,frozen_mlp_ppo_seed3,0,NOOP,0.026088,-0.076611,0.022427,0,47,218.38218488214167,122.92766571044922,10,0.16316986083984375,104.4287109375,7.028068915490547,3,4,1,0.0,0.0,0.6,0.0,0.2,0.1,0.1,32,154.49149200422207,199.29933547973633,13,0.13856388972355768,115.28515625,6.7882382115149245,3,5,2,0.0,0.0,0.65,0.0,0.2,0.05,0.1
24,frozen_mlp_ppo_seed3,0,NOOP,0.022608,-0.073189,0.0202,0,32,154.49149200422207,199.29933547973633,13,0.13856388972355768,115.28515625,6.7882382115149245,3,5,2,0.0,0.0,0.65,0.0,0.2,0.05,0.1,31,141.5290261835954,140.3799057006836,16,0.12303924560546875,125.9921875,6.443194244325484,3,6,3,0.0,0.0,0.7,0.0,0.2,0.0,0.1
25,frozen_mlp_ppo_seed3,0,NOOP,0.02013,-0.069817,0.017676,0,31,141.5290261835954,140.3799057006836,16,0.12303924560546875,125.9921875,6.443194244325484,3,6,3,0.0,0.0,0.7,0.0,0.2,0.0,0.1,33,158.72375179322754,146.4395523071289,19,0.1125231291118421,136.828125,6.102192990829761,3,7,4,0.0,0.0,0.65,0.05,0.2,0.0,0.1
26,frozen_mlp_ppo_seed3,1,COMPACT_32KB,0.421914,-0.081732,0.051935,0,33,158.72375179322754,146.4395523071289,19,0.1125231291118421,136.828125,6.102192990829761,3,7,4,0.0,0.0,0.65,0.05,0.2,0.0,0.1,45,218.11984223195785,97.37777709960938,6,0.27241261800130206,104.6064453125,17.2664791332037,3,0,5,0.0,0.0,0.7,0.05,0.2,0.0,0.05
27,frozen_mlp_ppo_seed3,0,NOOP,0.038958,0.339797,0.238435,0,45,218.11984223195785,97.37777709960938,6,0.27241261800130206,104.6064453125,17.2664791332037,3,0,5,0.0,0.0,0.7,0.05,0.2,0.0,0.05,33,165.7375061068483,87.38279342651367,9,0.20041402180989584,115.4384765625,15.312815293160615,3,1,6,0.67,0.0335,0.7,0.05,0.15,0.05,0.05
28,frozen_mlp_ppo_seed3,0,NOOP,0.031644,-0.037317,0.029362,0,33,165.7375061068483,87.38279342651367,9,0.20041402180989584,115.4384765625,15.312815293160615,3,1,6,0.67,0.0335,0.7,0.05,0.15,0.05,0.05,43,202.5184933991046,129.11391258239746,12,0.16571935017903647,127.2724609375,13.676406415108207,3,2,7,0.0,0.0335,0.7,0.05,0.15,0.05,0.05
29,frozen_mlp_ppo_seed3,0,NOOP,0.027054,-0.037666,0.02433,0,43,202.5184933991046,129.11391258239746,12,0.16571935017903647,127.2724609375,13.676406415108207,3,2,7,0.0,0.0335,0.7,0.05,0.15,0.05,0.05,41,205.25834054463746,154.96253967285156,15,0.14464518229166667,138.859375,12.452606517853926,3,3,8,0.0,0.0335,0.7,0.05,0.15,0.05,0.05
30,frozen_mlp_ppo_seed3,0,NOOP,0.023756,0.338957,0.223251,0,41,205.25834054463746,154.96253967285156,15,0.14464518229166667,138.859375,12.452606517853926,3,3,8,0.0,0.0335,0.7,0.05,0.15,0.05,0.05,34,157.54733777819513,97.70727157592773,18,0.13002777099609375,149.7919921875,11.511379715358471,3,4,9,0.67,0.067,0.7,0.05,0.15,0.1,0.0
31,frozen_mlp_ppo_seed3,1,COMPACT_32KB,0.430661,-0.082836,0.060078,0,34,157.54733777819513,97.70727157592773,18,0.13002777099609375,149.7919921875,11.511379715358471,3,4,9,0.67,0.067,0.7,0.05,0.15,0.1,0.0,41,198.85826619594366,127.58326530456543,6,0.3161468505859375,121.400390625,16.86702773922719,3,0,10,0.0,0.067,0.7,0.05,0.15,0.1,0.0
32,frozen_mlp_ppo_seed3,0,NOOP,0.045119,-0.038103,0.042967,0,41,198.85826619594366,127.58326530456543,6,0.3161468505859375,121.400390625,16.86702773922719,3,0,10,0.0,0.067,0.7,0.05,0.15,0.1,0.0,42,227.12193310659057,118.87001991271973,9,0.2312198215060764,133.1826171875,15.646665618709806,3,1,11,0.0,0.067,0.75,0.05,0.1,0.1,0.0
33,frozen_mlp_ppo_seed3,0,NOOP,0.036393,-0.038071,0.033857,0,42,227.12193310659057,118.87001991271973,9,0.2312198215060764,133.1826171875,15.646665618709806,3,1,11,0.0,0.067,0.75,0.05,0.1,0.1,0.0,49,258.7775809337458,141.76630973815918,12,0.18946329752604166,145.5078125,14.20486969215939,3,2,12,0.0,0.067,0.75,0.05,0.1,0.1,0.0
34,frozen_mlp_ppo_seed3,0,NOOP,0.03097,-0.038382,0.028498,0,49,258.7775809337458,141.76630973815918,12,0.18946329752604166,145.5078125,14.20486969215939,3,2,12,0.0,0.067,0.75,0.05,0.1,0.1,0.0,48,258.2116517206706,142.34638214111328,15,0.16422526041666666,157.65625,13.042933155467633,3,3,13,0.0,0.067,0.8,0.05,0.05,0.1,0.0
35,frozen_mlp_ppo_seed3,0,NOOP,0.027036,-0.038366,0.02448,0,48,258.2116517206706,142.34638214111328,15,0.16422526041666666,157.65625,13.042933155467633,3,3,13,0.0,0.067,0.8,0.05,0.05,0.1,0.0,35,164.6450333606619,150.2845287322998,18,0.14642757839626735,168.6845703125,12.127810806764936,3,4,14,0.0,0.067,0.8,0.05,0.05,0.1,0.0
36,frozen_mlp_ppo_seed3,1,COMPACT_32KB,0.440745,-0.083336,0.070547,0,35,164.6450333606619,150.2845287322998,18,0.14642757839626735,168.6845703125,12.127810806764936,3,4,14,0.0,0.067,0.8,0.05,0.05,0.1,0.0,46,233.80669241386664,108.28614234924316,6,0.36656443277994794,140.7607421875,14.76667248651865,3,0,15,0.0,0.067,0.8,0.05,0.05,0.1,0.0
37,frozen_mlp_ppo_seed3,0,NOOP,0.051734,-0.038507,0.049584,0,46,233.80669241386664,108.28614234924316,6,0.36656443277994794,140.7607421875,14.76667248651865,3,0,15,0.0,0.067,0.8,0.05,0.05,0.1,0.0,40,199.06521120075936,118.73960494995117,9,0.2642957899305556,152.234375,15.268899872399494,3,1,16,0.0,0.067,0.8,0.05,0.05,0.1,0.0
38,frozen_mlp_ppo_seed3,0,NOOP,0.041369,-0.038615,0.039788,0,40,199.06521120075936,118.73960494995117,9,0.2642957899305556,152.234375,15.268899872399494,3,1,16,0.0,0.067,0.8,0.05,0.05,0.1,0.0,49,250.72207447457413,94.06661987304688,12,0.21434529622395834,164.6171875,14.262420183905238,3,2,17,0.0,0.067,0.75,0.05,0.05,0.1,0.05
39,frozen_mlp_ppo_seed3,0,NOOP,0.034781,-0.0387,0.029916,0,49,250.72207447457413,94.06661987304688,12,0.21434529622395834,164.6171875,14.262420183905238,3,2,17,0.0,0.067,0.75,0.05,0.05,0.1,0.05,39,195.60575560559298,262.0260715484619,15,0.18328043619791667,175.94921875,13.304569463017192,3,3,18,0.0,0.067,0.7,0.05,0.1,0.1,0.05
40,frozen_mlp_ppo_seed3,0,NOOP,0.030431,-0.03882,0.02772,0,39,195.60575560559298,262.0260715484619,15,0.18328043619791667,175.94921875,13.304569463017192,3,3,18,0.0,0.067,0.7,0.05,0.1,0.1,0.05,49,241.81460882374742,158.04195404052734,18,0.1634063720703125,188.244140625,12.435202372533778,3,4,19,0.0,0.067,0.7,0.05,0.1,0.1,0.05
41,frozen_mlp_ppo_seed3,1,COMPACT_32KB,0.439466,-0.083704,0.069133,0,49,241.81460882374742,158.04195404052734,18,0.1634063720703125,188.244140625,12.435202372533778,3,4,19,0.0,0.067,0.7,0.05,0.1,0.1,0.05,35,172.13030253996618,116.31202697753906,7,0.3607940673828125,161.6357421875,13.115555625952009,3,0,20,0.0,0.067,0.75,0.05,0.05,0.1,0.05
42,frozen_mlp_ppo_seed3,6,PARTITION_EVENT_TYPE,-0.401507,-0.28873,0.05046,0,35,172.13030253996618,116.31202697753906,7,0.3607940673828125,161.6357421875,13.115555625952009,3,0,20,0.0,0.067,0.75,0.05,0.05,0.1,0.05,46,212.16781380413806,141.47114753723145,10,0.2714447021484375,173.724609375,14.138789691256468,3,1,21,0.0,0.067,0.7,0.05,0.1,0.1,0.05
43,frozen_mlp_ppo_seed3,6,PARTITION_EVENT_TYPE,-0.408676,-0.289032,0.043221,0,46,212.16781380413806,141.47114753723145,10,0.2714447021484375,173.724609375,14.138789691256468,3,1,21,0.0,0.067,0.7,0.05,0.1,0.1,0.05,32,171.76944980886455,147.43947982788086,12,0.23684819539388022,181.8994140625,13.801778208706198,3,2,22,0.0,0.067,0.7,0.05,0.1,0.1,0.05
44,frozen_mlp_ppo_seed3,0,NOOP,0.038292,-0.038679,0.036137,0,32,171.76944980886455,147.43947982788086,12,0.23684819539388022,181.8994140625,13.801778208706198,3,2,22,0.0,0.067,0.7,0.05,0.1,0.1,0.05,33,176.21353594430914,126.49202346801758,15,0.20083414713541667,192.80078125,13.133079102023943,3,3,23,0.0,0.067,0.65,0.1,0.1,0.1,0.05
45,frozen_mlp_ppo_seed3,0,NOOP,0.033321,-0.038355,0.029745,0,33,176.21353594430914,126.49202346801758,15,0.20083414713541667,192.80078125,13.133079102023943,3,3,23,0.0,0.067,0.65,0.1,0.1,0.1,0.05,46,250.70718773348926,201.2925148010254,18,0.1778564453125,204.890625,12.393115220472726,3,4,24,0.0,0.067,0.65,0.05,0.15,0.1,0.05
46,frozen_mlp_ppo_seed3,6,PARTITION_EVENT_TYPE,-0.424993,-0.288537,0.026636,0,46,250.70718773348926,201.2925148010254,18,0.1778564453125,204.890625,12.393115220472726,3,4,24,0.0,0.067,0.65,0.05,0.15,0.1,0.05,39,208.4205875045391,172.07908630371094,21,0.16088721865699404,216.232421875,11.755148972479462,3,5,25,0.0,0.067,0.65,0.05,0.15,0.1,0.05
47,frozen_mlp_ppo_seed3,4,PARTITION_HOUR,-0.155108,-0.146912,0.022003,0,39,208.4205875045391,172.07908630371094,21,0.16088721865699404,216.232421875,11.755148972479462,3,5,25,0.0,0.067,0.65,0.05,0.15,0.1,0.05,45,233.89848403922437,265.38681983947754,24,0.14855194091796875,228.17578125,11.174155244120675,1,6,0,0.0,0.0335,0.7,0.05,0.15,0.05,0.05
48,frozen_mlp_ppo_seed3,1,COMPACT_32KB,0.506145,0.451693,0.412285,0,45,233.89848403922437,265.38681983947754,24,0.14855194091796875,228.17578125,11.174155244120675,1,6,0,0.0,0.0335,0.7,0.05,0.15,0.05,0.05,50,230.27963166713883,88.94228935241699,4,0.6923179626464844,177.2333984375,34.620258042165176,1,0,1,0.92,0.0795,0.7,0.05,0.15,0.05,0.05
49,frozen_mlp_ppo_seed3,0,NOOP,0.11394,-0.021371,0.112378,0,50,230.27963166713883,88.94228935241699,4,0.6923179626464844,177.2333984375,34.620258042165176,1,0,1,0.92,0.0795,0.7,0.05,0.15,0.05,0.05,38,194.33913850348299,84.37967300415039,5,0.5728271484375,183.3046875,34.51573930879439,1,1,2,0.0,0.0795,0.65,0.05,0.15,0.1,0.05
50,frozen_mlp_ppo_seed3,0,NOOP,0.097763,0.487255,0.371606,0,38,194.33913850348299,84.37967300415039,5,0.5728271484375,183.3046875,34.51573930879439,1,1,2,0.0,0.0795,0.65,0.05,0.15,0.1,0.05,35,189.97195725908412,115.33236503601074,6,0.4925638834635417,189.14453125,33.337551070084686,1,2,3,0.92,0.092,0.7,0.05,0.15,0.05,0.05
51,frozen_mlp_ppo_seed3,0,NOOP,0.087742,-0.022898,0.086479,0,35,189.97195725908412,115.33236503601074,6,0.4925638834635417,189.14453125,33.337551070084686,1,2,3,0.92,0.092,0.7,0.05,0.15,0.05,0.05,76,406.534173182555,71.86150550842285,7,0.44308253696986605,198.5009765625,31.56518476003698,1,3,4,0.0,0.092,0.65,0.05,0.15,0.05,0.1
52,frozen_mlp_ppo_seed3,0,NOOP,0.079357,0.493954,0.353295,0,76,406.534173182555,71.86150550842285,7,0.44308253696986605,198.5009765625,31.56518476003698,1,3,4,0.0,0.092,0.65,0.05,0.15,0.05,0.1,51,260.7021509714045,113.10720443725586,8,0.40178680419921875,205.71484375,30.164617016697818,1,4,5,0.92,0.138,0.65,0.05,0.15,0.05,0.1
53,frozen_mlp_ppo_seed3,0,NOOP,0.073977,0.492905,0.347837,0,51,260.7021509714045,113.10720443725586,8,0.40178680419921875,205.71484375,30.164617016697818,1,4,5,0.92,0.138,0.65,0.05,0.15,0.05,0.1,88,441.35733324086044,118.29495429992676,9,0.3755120171440972,216.294921875,28.66383957737903,1,5,6,0.92,0.184,0.65,0.05,0.15,0.05,0.1
54,frozen_mlp_ppo_seed3,0,NOOP,0.069237,0.492075,0.342968,0,88,441.35733324086044,118.29495429992676,9,0.3755120171440972,216.294921875,28.66383957737903,1,5,6,0.92,0.184,0.65,0.05,0.15,0.05,0.1,75,378.59193984368795,125.96368789672852,10,0.352435302734375,225.55859375,27.4251287934285,1,6,7,0.92,0.23000000000000004,0.65,0.05,0.15,0.05,0.1
55,frozen_mlp_ppo_seed3,0,NOOP,0.065212,0.491348,0.338582,0,75,378.59193984368795,125.96368789672852,10,0.352435302734375,225.55859375,27.4251287934285,1,6,7,0.92,0.23000000000000004,0.65,0.05,0.15,0.05,0.1,70,351.87662319762893,145.25294303894043,11,0.33293290571732953,234.384765625,26.345031346753125,1,7,8,0.92,0.276,0.65,0.05,0.15,0.05,0.1
56,frozen_mlp_ppo_seed3,0,NOOP,0.061968,0.39499,0.283893,0,70,351.87662319762893,145.25294303894043,11,0.33293290571732953,234.384765625,26.345031346753125,1,7,8,0.92,0.276,0.65,0.05,0.15,0.05,0.1,75,375.91857659614897,168.75982284545898,12,0.3173408508300781,243.7177734375,25.355742962212844,1,8,9,0.75,0.3135,0.6,0.05,0.2,0.05,0.1
57,frozen_mlp_ppo_seed3,0,NOOP,0.058882,0.394444,0.279353,0,75,375.91857659614897,168.75982284545898,12,0.3173408508300781,243.7177734375,25.355742962212844,1,8,9,0.75,0.3135,0.6,0.05,0.2,0.05,0.1,59,300.2303144567102,242.72775650024414,13,0.3025360107421875,251.7099609375,24.515477381225942,1,9,10,0.75,0.35100000000000003,0.55,0.05,0.25,0.05,0.1
58,frozen_mlp_ppo_seed3,0,NOOP,0.056481,-0.02808,0.054524,0,59,300.2303144567102,242.72775650024414,13,0.3025360107421875,251.7099609375,24.515477381225942,1,9,10,0.75,0.35100000000000003,0.55,0.05,0.25,0.05,0.1,74,369.92714886070274,115.33999443054199,14,0.2911529541015625,260.873046875,23.710914960837684,1,10,11,0.0,0.35100000000000003,0.55,0.05,0.25,0.1,0.05
59,frozen_mlp_ppo_seed3,0,NOOP,0.054488,-0.028725,0.0524,0,74,369.92714886070274,115.33999443054199,14,0.2911529541015625,260.873046875,23.710914960837684,1,10,11,0.0,0.35100000000000003,0.55,0.05,0.25,0.1,0.05,78,391.8032479041916,123.14677238464355,15,0.28181559244791665,270.54296875,22.965333400790442,1,11,12,0.0,0.35100000000000003,0.55,0.1,0.2,0.1,0.05
60,frozen_mlp_ppo_seed3,0,NOOP,0.052572,0.488235,0.326098,0,78,391.8032479041916,123.14677238464355,15,0.28181559244791665,270.54296875,22.965333400790442,1,11,12,0.0,0.35100000000000003,0.55,0.1,0.2,0.1,0.05,69,341.28261623258544,143.74709129333496,16,0.27286243438720703,279.4111328125,22.30469468801976,1,12,13,0.92,0.39699999999999996,0.55,0.1,0.2,0.1,0.05
61,frozen_mlp_ppo_seed3,0,NOOP,0.050891,-0.029799,0.048245,0,69,341.28261623258544,143.74709129333496,16,0.27286243438720703,279.4111328125,22.30469468801976,1,12,13,0.92,0.39699999999999996,0.55,0.1,0.2,0.1,0.05,72,352.58144729022746,153.533935546875,17,0.26508017147288604,288.4072265625,21.693843781576287,1,13,14,0.0,0.39699999999999996,0.5,0.1,0.2,0.1,0.1
62,frozen_mlp_ppo_seed3,0,NOOP,0.049777,0.487022,0.322989,0,72,352.58144729022746,153.533935546875,17,0.26508017147288604,288.4072265625,21.693843781576287,1,13,14,0.0,0.39699999999999996,0.5,0.1,0.2,0.1,0.1,97,481.8275666047675,161.9420051574707,18,0.2601369222005208,299.677734375,21.088877560556213,1,14,15,0.92,0.44299999999999995,0.55,0.1,0.15,0.1,0.1
63,frozen_mlp_ppo_seed3,2,COMPACT_64KB,0.526779,0.436593,0.439964,0,97,481.8275666047675,161.9420051574707,18,0.2601369222005208,299.677734375,21.088877560556213,1,14,15,0.92,0.44299999999999995,0.55,0.1,0.15,0.1,0.1,65,324.893414178393,192.47174263000488,5,0.84156494140625,269.30078125,19.87961386142492,1,0,16,0.92,0.489,0.55,0.1,0.15,0.1,0.1
64,frozen_mlp_ppo_seed3,0,NOOP,0.145482,0.485974,0.41913,0,65,324.893414178393,192.47174263000488,5,0.84156494140625,269.30078125,19.87961386142492,1,0,16,0.92,0.489,0.55,0.1,0.15,0.1,0.1,99,488.26490066225165,125.09274482727051,6,0.7311604817708334,280.765625,24.81369900180669,1,1,17,0.92,0.5349999999999999,0.6,0.05,0.15,0.1,0.1
65,frozen_mlp_ppo_seed3,0,NOOP,0.128326,0.389958,0.351165,0,99,488.26490066225165,125.09274482727051,6,0.7311604817708334,280.765625,24.81369900180669,1,1,17,0.92,0.5349999999999999,0.6,0.05,0.15,0.1,0.1,66,331.9587629854984,116.76597595214844,7,0.6460026332310268,289.4091796875,26.851909079053115,1,2,18,0.75,0.5725,0.6,0.05,0.15,0.1,0.1
66,frozen_mlp_ppo_seed3,0,NOOP,0.116525,0.485026,0.390413,0,66,331.9587629854984,116.76597595214844,7,0.6460026332310268,289.4091796875,26.851909079053115,1,2,18,0.75,0.5725,0.6,0.05,0.15,0.1,0.1,99,489.30457622624834,115.58318138122559,8,0.5876255035400391,300.8642578125,27.0127962707459,1,3,19,0.92,0.6184999999999999,0.6,0.05,0.15,0.1,0.1
67,frozen_mlp_ppo_seed3,0,NOOP,0.097247,0.484498,0.370836,0,99,489.30457622624834,115.58318138122559,8,0.5876255035400391,300.8642578125,27.0127962707459,1,3,19,0.92,0.6184999999999999,0.6,0.05,0.15,0.1,0.1,100,479.3627246492757,133.07428359985352,10,0.492486572265625,315.19140625,27.06129426724731,1,4,20,0.92,0.6645000000000001,0.6,0.05,0.15,0.1,0.1
68,frozen_mlp_ppo_seed3,0,NOOP,0.091232,0.472544,0.364814,0,100,479.3627246492757,133.07428359985352,10,0.492486572265625,315.19140625,27.06129426724731,1,4,20,0.92,0.6645000000000001,0.6,0.05,0.15,0.1,0.1,91,459.39028746672057,134.62376594543457,11,0.4630335027521307,325.9755859375,26.422861510654187,1,5,21,0.92,0.6645,0.6,0.05,0.15,0.1,0.1
69,frozen_mlp_ppo_seed3,0,NOOP,0.085279,0.388176,0.307466,0,91,459.39028746672057,134.62376594543457,11,0.4630335027521307,325.9755859375,26.422861510654187,1,5,21,0.92,0.6645,0.6,0.05,0.15,0.1,0.1,51,259.0129900322571,155.65085411071777,12,0.43389638264973956,333.232421875,26.008200398729375,1,6,22,0.75,0.702,0.6,0.05,0.2,0.05,0.1
70,frozen_mlp_ppo_seed3,0,NOOP,0.080469,0.472009,0.353243,0,51,259.0129900322571,155.65085411071777,12,0.43389638264973956,333.232421875,26.008200398729375,1,6,22,0.75,0.702,0.6,0.05,0.2,0.05,0.1,63,313.3774887215905,177.57225036621094,13,0.4104719895582933,341.5126953125,25.480873381536092,1,7,23,0.92,0.7020000000000001,0.6,0.05,0.2,0.05,0.1
71,frozen_mlp_ppo_seed3,0,NOOP,0.076827,0.483115,0.350327,0,63,313.3774887215905,177.57225036621094,13,0.4104719895582933,341.5126953125,25.480873381536092,1,7,23,0.92,0.7020000000000001,0.6,0.05,0.2,0.05,0.1,89,440.9268210864507,142.5018310546875,14,0.39288439069475445,352.0244140625,24.84086429710789,1,8,24,0.92,0.748,0.65,0.05,0.2,0.05,0.05
72,frozen_mlp_ppo_seed3,0,NOOP,0.073004,-0.046111,0.070936,0,89,440.9268210864507,142.5018310546875,14,0.39288439069475445,352.0244140625,24.84086429710789,1,8,24,0.92,0.748,0.65,0.05,0.2,0.05,0.05,53,252.20538292317937,122.18070030212402,15,0.3743967692057292,359.4208984375,24.37194954048532,1,9,25,0.0,0.702,0.6,0.05,0.2,0.1,0.05
73,frozen_mlp_ppo_seed3,0,NOOP,0.070078,0.375443,0.287365,0,53,252.20538292317937,122.18070030212402,15,0.3743967692057292,359.4208984375,24.37194954048532,1,9,25,0.0,0.702,0.6,0.05,0.2,0.1,0.05,78,399.53118584745175,405.6413173675537,16,0.36038875579833984,369.0380859375,23.817057493571134,1,10,26,0.75,0.6935,0.55,0.05,0.25,0.1,0.05
74,frozen_mlp_ppo_seed3,0,NOOP,0.067245,-0.046681,0.064828,0,78,399.53118584745175,405.6413173675537,16,0.36038875579833984,369.0380859375,23.817057493571134,1,10,26,0.75,0.6935,0.55,0.05,0.25,0.1,0.05,63,300.2146757345707,142.07839965820312,17,0.34684932933134194,377.3720703125,23.33588712571847,1,11,27,0.0,0.6475,0.5,0.05,0.25,0.1,0.1
75,frozen_mlp_ppo_seed3,1,COMPACT_32KB,0.109851,0.329907,0.345649,0,63,300.2146757345707,142.07839965820312,17,0.34684932933134194,377.3720703125,23.33588712571847,1,11,27,0.0,0.6475,0.5,0.05,0.25,0.1,0.1,75,344.91875178175917,187.2572898864746,9,0.6264716254340278,360.84765625,22.081438317353506,1,0,28,0.75,0.639,0.45,0.05,0.3,0.1,0.1
76,frozen_mlp_ppo_seed3,0,NOOP,0.114587,0.376742,0.336492,0,75,344.91875178175917,187.2572898864746,9,0.6264716254340278,360.84765625,22.081438317353506,1,0,28,0.75,0.639,0.45,0.05,0.3,0.1,0.1,79,368.5635044842725,167.2646999359131,10,0.57918701171875,370.6796875,22.91272680551068,1,1,29,0.75,0.639,0.45,0.05,0.3,0.1,0.1
77,frozen_mlp_ppo_seed3,0,NOOP,0.106696,0.472092,0.380078,0,79,368.5635044842725,167.2646999359131,10,0.57918701171875,370.6796875,22.91272680551068,1,1,29,0.75,0.639,0.45,0.05,0.3,0.1,0.1,78,319.00233141145463,144.61779594421387,11,0.5403539484197443,380.4091796875,23.24733316559057,1,2,30,0.92,0.6475,0.5,0.05,0.25,0.1,0.1
78,frozen_mlp_ppo_seed3,0,NOOP,0.099813,0.481239,0.373173,0,78,319.00233141145463,144.61779594421387,11,0.5403539484197443,380.4091796875,23.24733316559057,1,2,30,0.92,0.6475,0.5,0.05,0.25,0.1,0.1,67,317.73557309079973,147.00603485107422,12,0.5065650939941406,389.0419921875,23.397091924199817,1,3,31,0.92,0.6935,0.55,0.05,0.25,0.05,0.1
79,frozen_mlp_ppo_seed3,0,NOOP,0.093854,-0.036459,0.090675,0,67,317.73557309079973,147.00603485107422,12,0.5065650939941406,389.0419921875,23.397091924199817,1,3,31,0.92,0.6935,0.55,0.05,0.25,0.05,0.1,60,236.35185736517397,175.18067359924316,13,0.47739351712740385,397.19140625,23.390559679025138,1,4,32,0.0,0.6935,0.55,0.05,0.25,0.05,0.1
80,frozen_mlp_ppo_seed3,0,NOOP,0.089096,0.469283,0.361912,0,60,236.35185736517397,175.18067359924316,13,0.47739351712740385,397.19140625,23.390559679025138,1,4,32,0.0,0.6935,0.55,0.05,0.25,0.05,0.1,81,402.71284516224625,176.68533325195312,14,0.45422799246651785,406.98828125,23.147471405228703,1,5,33,0.92,0.6935,0.55,0.05,0.25,0.05,0.1
81,frozen_mlp_ppo_seed3,0,NOOP,0.084826,0.480559,0.358022,0,81,402.71284516224625,176.68533325195312,14,0.45422799246651785,406.98828125,23.147471405228703,1,5,33,0.92,0.6935,0.55,0.05,0.25,0.05,0.1,73,361.0428474568277,158.94103050231934,15,0.4335052490234375,416.1650390625,22.889253456989717,1,6,34,0.92,0.7394999999999999,0.6,0.05,0.25,0.05,0.05
82,frozen_mlp_ppo_seed3,0,NOOP,0.080812,0.468888,0.352532,0,73,361.0428474568277,158.94103050231934,15,0.4335052490234375,416.1650390625,22.889253456989717,1,6,34,0.92,0.7394999999999999,0.6,0.05,0.25,0.05,0.05,57,277.1209918501097,233.9937686920166,16,0.4140596389770508,423.9970703125,22.666523875606018,1,7,35,0.92,0.7394999999999999,0.6,0.05,0.25,0.05,0.05
83,frozen_mlp_ppo_seed3,0,NOOP,0.077251,0.468723,0.350098,0,57,277.1209918501097,233.9937686920166,16,0.4140596389770508,423.9970703125,22.666523875606018,1,7,35,0.92,0.7394999999999999,0.6,0.05,0.25,0.05,0.05,57,247.03632046324864,178.91383171081543,17,0.3968820010914522,431.8076171875,22.40997543240893,1,8,36,0.92,0.7394999999999999,0.6,0.05,0.25,0.05,0.05
84,frozen_mlp_ppo_seed3,1,COMPACT_32KB,0.103287,-0.093925,0.116267,0,57,247.03632046324864,178.91383171081543,17,0.3968820010914522,431.8076171875,22.40997543240893,1,8,36,0.92,0.7394999999999999,0.6,0.05,0.25,0.05,0.05,52,260.0665930559497,80.68227767944336,11,0.5949027321555398,418.8115234375,20.363824582623426,1,0,37,0.0,0.6935,0.55,0.05,0.25,0.05,0.1
85,frozen_mlp_ppo_seed3,0,NOOP,0.110091,0.470483,0.383582,0,52,260.0665930559497,80.68227767944336,11,0.5949027321555398,418.8115234375,20.363824582623426,1,0,37,0.0,0.6935,0.55,0.05,0.25,0.05,0.1,79,400.2222643628875,140.46478271484375,12,0.5579566955566406,428.5107421875,21.073197103476673,1,1,38,0.92,0.702,0.6,0.05,0.2,0.05,0.1
86,frozen_mlp_ppo_seed3,0,NOOP,0.103753,0.468145,0.376963,0,79,400.2222643628875,140.46478271484375,12,0.5579566955566406,428.5107421875,21.073197103476673,1,1,38,0.92,0.702,0.6,0.05,0.2,0.05,0.1,80,379.99026085065805,155.78532218933105,13,0.5268918550931491,438.3740234375,21.41164670068492,1,2,39,0.92,0.702,0.6,0.05,0.2,0.05,0.1
87,frozen_mlp_ppo_seed3,0,NOOP,0.098279,0.467939,0.371732,0,80,379.99026085065805,155.78532218933105,13,0.5268918550931491,438.3740234375,21.41164670068492,1,2,39,0.92,0.702,0.6,0.05,0.2,0.05,0.1,80,400.9031615193358,144.85931396484375,14,0.5001438685825893,448.12890625,21.54575610673474,1,3,40,0.92,0.702,0.6,0.05,0.2,0.05,0.1
88,frozen_mlp_ppo_seed3,0,NOOP,0.09305,0.467804,0.366418,0,80,400.9031615193358,144.85931396484375,14,0.5001438685825893,448.12890625,21.54575610673474,1,3,40,0.92,0.702,0.6,0.05,0.2,0.05,0.1,54,271.94307854675475,150.31695365905762,15,0.47462361653645835,455.638671875,21.70428314137279,1,4,41,0.92,0.702,0.6,0.05,0.2,0.05,0.1
89,frozen_mlp_ppo_seed3,0,NOOP,0.089241,-0.047811,0.087021,0,54,271.94307854675475,150.31695365905762,15,0.47462361653645835,455.638671875,21.70428314137279,1,4,41,0.92,0.702,0.6,0.05,0.2,0.05,0.1,99,520.4653397959682,130.97524642944336,16,0.4562044143676758,467.1533203125,21.491976384381292,1,5,42,0.0,0.6645,0.6,0.05,0.15,0.1,0.1
90,frozen_mlp_ppo_seed3,0,NOOP,0.085887,0.371709,0.306491,0,99,520.4653397959682,130.97524642944336,16,0.4562044143676758,467.1533203125,21.491976384381292,1,5,42,0.0,0.6645,0.6,0.05,0.15,0.1,0.1,99,499.4966925655803,241.07980728149414,17,0.44006168141084556,478.787109375,21.241027163057886,1,6,43,0.75,0.6559999999999999,0.55,0.05,0.2,0.1,0.1
91,frozen_mlp_ppo_seed3,1,COMPACT_32KB,0.097607,0.326563,0.331675,0,99,499.4966925655803,241.07980728149414,17,0.44006168141084556,478.787109375,21.241027163057886,1,6,43,0.75,0.6559999999999999,0.55,0.05,0.2,0.1,0.1,65,337.05474007212626,278.7628173828125,13,0.5677490234375,472.3671875,19.077410102132202,1,0,44,0.75,0.6475,0.5,0.05,0.25,0.1,0.1
92,frozen_mlp_ppo_seed3,0,NOOP,0.105392,-0.038932,0.103255,0,65,337.05474007212626,278.7628173828125,13,0.5677490234375,472.3671875,19.077410102132202,1,0,44,0.75,0.6475,0.5,0.05,0.25,0.1,0.1,55,278.5637503335833,124.34983253479004,14,0.5357088361467633,479.9951171875,19.870064051637264,1,1,45,0.0,0.6475,0.5,0.05,0.25,0.1,0.1
93,frozen_mlp_ppo_seed3,0,NOOP,0.099913,0.469051,0.373164,0,55,278.5637503335833,124.34983253479004,14,0.5357088361467633,479.9951171875,19.870064051637264,1,1,45,0.0,0.6475,0.5,0.05,0.25,0.1,0.1,66,348.42638244526734,156.21352195739746,15,0.5089396158854167,488.58203125,20.264387899040926,1,2,46,0.92,0.6559999999999999,0.55,0.05,0.2,0.1,0.1
94,frozen_mlp_ppo_seed3,0,NOOP,0.094981,-0.039195,0.092584,0,66,348.42638244526734,156.21352195739746,15,0.5089396158854167,488.58203125,20.264387899040926,1,2,46,0.92,0.6559999999999999,0.55,0.05,0.2,0.1,0.1,58,297.2165088766795,139.85466957092285,16,0.48490333557128906,496.541015625,20.5215010673465,1,3,47,0.0,0.6559999999999999,0.55,0.1,0.2,0.1,0.05
95,frozen_mlp_ppo_seed3,0,NOOP,0.090748,-0.048707,0.088699,0,58,297.2165088766795,139.85466957092285,16,0.48490333557128906,496.541015625,20.5215010673465,1,3,47,0.0,0.6559999999999999,0.55,0.1,0.2,0.1,0.05,67,357.63165075034107,123.70920181274414,17,0.4643671372357537,505.2314453125,20.595570834070166,1,4,48,0.0,0.6184999999999999,0.55,0.1,0.15,0.15,0.05
96,frozen_mlp_ppo_seed3,0,NOOP,0.086981,-0.048843,0.08534,0,67,357.63165075034107,123.70920181274414,17,0.4643671372357537,505.2314453125,20.595570834070166,1,4,48,0.0,0.6184999999999999,0.55,0.1,0.15,0.15,0.05,68,352.07833271405525,104.58660125732422,18,0.4461568196614583,513.97265625,20.583373822926962,1,5,49,0.0,0.581,0.55,0.1,0.1,0.15,0.1
97,frozen_mlp_ppo_seed3,1,COMPACT_32KB,0.097046,0.421429,0.384619,0,68,352.07833271405525,104.58660125732422,18,0.4461568196614583,513.97265625,20.583373822926962,1,5,49,0.0,0.581,0.55,0.1,0.1,0.15,0.1,53,256.51074573372733,154.7408103942871,14,0.5655702863420758,506.7509765625,17.730064083459094,1,0,50,0.92,0.581,0.55,0.1,0.1,0.15,0.1
98,frozen_mlp_ppo_seed3,0,NOOP,0.106011,0.370624,0.325411,0,53,256.51074573372733,154.7408103942871,14,0.5655702863420758,506.7509765625,17.730064083459094,1,0,50,0.92,0.581,0.55,0.1,0.1,0.15,0.1,95,446.0766726522863,298.7706661224365,15,0.5394317626953125,517.8544921875,18.272340214271523,1,1,51,0.75,0.5725,0.5,0.1,0.15,0.15,0.1
99,frozen_mlp_ppo_seed3,0,NOOP,0.101233,0.477586,0.374526,0,95,446.0766726522863,298.7706661224365,15,0.5394317626953125,517.8544921875,18.272340214271523,1,1,51,0.75,0.5725,0.5,0.1,0.15,0.15,0.1,89,434.6039372379725,155.35664558410645,16,0.5161647796630859,528.552734375,18.630564489062774,1,2,52,0.92,0.6184999999999999,0.55,0.05,0.15,0.15,0.1
100,frozen_mlp_ppo_seed3,0,NOOP,0.096737,-0.051546,0.094592,0,89,434.6039372379725,155.35664558410645,16,0.5161647796630859,528.552734375,18.630564489062774,1,2,52,0.92,0.6184999999999999,0.55,0.05,0.15,0.15,0.1,74,374.3482475935242,128.48353385925293,17,0.4943084716796875,537.8076171875,18.93851613318106,1,3,53,0.0,0.5725,0.5,0.1,0.15,0.15,0.1
101,frozen_mlp_ppo_seed3,0,NOOP,0.092495,-0.051648,0.090306,0,74,374.3482475935242,128.48353385925293,17,0.4943084716796875,537.8076171875,18.93851613318106,1,3,53,0.0,0.5725,0.5,0.1,0.15,0.15,0.1,59,291.874373115809,131.96754455566406,18,0.47372521294487846,545.7314453125,19.20431443582679,1,4,54,0.0,0.5265,0.45,0.15,0.15,0.15,0.1
102,frozen_mlp_ppo_seed3,2,COMPACT_64KB,0.540492,-0.101804,0.17948,0,59,291.874373115809,131.96754455566406,18,0.47372521294487846,545.7314453125,19.20431443582679,1,4,54,0.0,0.5265,0.45,0.15,0.15,0.15,0.1,92,430.88202655577754,107.26213455200195,9,0.912628173828125,525.673828125,14.241062222386832,1,0,55,0.0,0.4805,0.4,0.2,0.15,0.15,0.1
103,frozen_mlp_ppo_seed3,0,NOOP,0.166328,-0.051947,0.164417,0,92,430.88202655577754,107.26213455200195,9,0.912628173828125,525.673828125,14.241062222386832,1,0,55,0.0,0.4805,0.4,0.2,0.15,0.15,0.1,87,355.75444370783447,108.04152488708496,10,0.837890625,536.25,20.225329877617504,1,1,56,0.0,0.4345,0.35,0.25,0.15,0.15,0.1
104,frozen_mlp_ppo_seed3,0,NOOP,0.153111,-0.040534,0.151085,0,87,355.75444370783447,108.04152488708496,10,0.837890625,536.25,20.225329877617504,1,1,56,0.0,0.4345,0.35,0.25,0.15,0.15,0.1,54,247.39183044408594,115.04006385803223,11,0.7724276455965909,543.7890625,23.690517713696288,1,2,57,0.0,0.43450000000000005,0.35,0.25,0.15,0.2,0.05
105,frozen_mlp_ppo_seed3,0,NOOP,0.142615,-0.052156,0.140655,0,54,247.39183044408594,115.04006385803223,11,0.7724276455965909,543.7890625,23.690517713696288,1,2,57,0.0,0.43450000000000005,0.35,0.25,0.15,0.2,0.05,78,356.6293441470314,112.99920082092285,12,0.7205734252929688,553.400390625,25.345248250437695,1,3,58,0.0,0.38849999999999996,0.3,0.3,0.15,0.2,0.05
106,frozen_mlp_ppo_seed3,0,NOOP,0.133194,-0.052237,0.129234,0,78,356.6293441470314,112.99920082092285,12,0.7205734252929688,553.400390625,25.345248250437695,1,3,58,0.0,0.38849999999999996,0.3,0.3,0.15,0.2,0.05,53,219.6749731456676,214.26653861999512,13,0.6740957406850961,560.84765625,26.530639181951248,1,4,59,0.0,0.34249999999999997,0.25,0.35,0.15,0.2,0.05
107,frozen_mlp_ppo_seed3,0,NOOP,0.117955,-0.052387,0.115777,0,53,219.6749731456676,214.26653861999512,13,0.6740957406850961,560.84765625,26.530639181951248,1,4,59,0.0,0.34249999999999997,0.25,0.35,0.15,0.2,0.05,100,415.5306448976357,127.63524055480957,15,0.5991505940755208,575.1845703125,27.63229737432264,1,5,60,0.0,0.2965,0.2,0.35,0.15,0.25,0.05
108,frozen_mlp_ppo_seed3,0,NOOP,0.111742,-0.05246,0.10965,0,100,415.5306448976357,127.63524055480957,15,0.5991505940755208,575.1845703125,27.63229737432264,1,5,60,0.0,0.2965,0.2,0.35,0.15,0.25,0.05,50,246.89542964578902,124.63521957397461,16,0.5687122344970703,582.361328125,27.809344250525232,1,6,61,0.0,0.2505,0.15,0.4,0.15,0.25,0.05
109,frozen_mlp_ppo_seed3,0,NOOP,0.106597,0.380812,0.327681,0,50,246.89542964578902,124.63521957397461,16,0.5687122344970703,582.361328125,27.809344250525232,1,6,61,0.0,0.2505,0.15,0.4,0.15,0.25,0.05,72,350.7725245316681,217.0240879058838,17,0.5436078239889706,591.4453125,27.729207086364358,1,7,62,0.75,0.288,0.15,0.4,0.2,0.2,0.05
110,frozen_mlp_ppo_seed3,3,COMPACT_128KB,0.16675,0.411955,0.472845,0,72,350.7725245316681,217.0240879058838,17,0.5436078239889706,591.4453125,27.729207086364358,1,7,62,0.75,0.288,0.15,0.4,0.2,0.2,0.05,76,381.06971617657257,127.73823738098145,6,1.4723358154296875,565.376953125,32.4603389357043,1,0,63,0.92,0.2965,0.2,0.4,0.15,0.2,0.05
111,frozen_mlp_ppo_seed3,0,NOOP,0.199125,-0.050667,0.197611,0,76,381.06971617657257,127.73823738098145,6,1.4723358154296875,565.376953125,32.4603389357043,1,0,63,0.92,0.2965,0.2,0.4,0.15,0.2,0.05,90,435.55513504968957,84.44404602050781,7,1.28582763671875,576.05078125,43.306182918091984,1,1,64,0.0,0.259,0.2,0.45,0.1,0.2,0.05
112,frozen_mlp_ppo_seed3,0,NOOP,0.199,-0.041406,0.197483,0,90,435.55513504968957,84.44404602050781,7,1.28582763671875,576.05078125,43.306182918091984,1,1,64,0.0,0.259,0.2,0.45,0.1,0.2,0.05,86,419.9582777887088,85.84475517272949,8,1.145233154296875,586.359375,47.48922334478257,1,2,65,0.0,0.259,0.2,0.5,0.1,0.15,0.05
113,frozen_mlp_ppo_seed3,0,NOOP,0.198875,-0.052988,0.1962,0,86,419.9582777887088,85.84475517272949,8,1.145233154296875,586.359375,47.48922334478257,1,2,65,0.0,0.259,0.2,0.5,0.1,0.15,0.05,63,311.3316155028896,145.01190185546875,9,1.0325859917534723,594.76953125,49.407534501441276,1,3,66,0.0,0.213,0.15,0.5,0.1,0.15,0.1
114,frozen_mlp_ppo_seed3,6,PARTITION_EVENT_TYPE,0.005651,-0.14158,0.185606,0,63,311.3316155028896,145.01190185546875,9,1.0325859917534723,594.76953125,49.407534501441276,1,3,66,0.0,0.213,0.15,0.5,0.1,0.15,0.1,72,344.12998065058696,105.65876960754395,10,0.943597412109375,603.90234375,49.942282055464986,3,4,0,0.0,0.213,0.15,0.5,0.1,0.15,0.1
115,frozen_mlp_ppo_seed3,0,NOOP,0.147421,-0.07582,0.145551,0,72,344.12998065058696,105.65876960754395,10,0.943597412109375,603.90234375,49.942282055464986,3,4,0,0.0,0.213,0.15,0.5,0.1,0.15,0.1,91,415.0784619717881,109.7707748413086,13,0.7452298677884616,620.03125,49.53547501786624,3,5,1,0.0,0.213,0.15,0.55,0.1,0.1,0.1
116,frozen_mlp_ppo_seed3,0,NOOP,0.121934,-0.074753,0.119883,0,91,415.0784619717881,109.7707748413086,13,0.7452298677884616,620.03125,49.53547501786624,3,5,1,0.0,0.213,0.15,0.55,0.1,0.1,0.1,73,327.36153720321306,122.50971794128418,16,0.6196680068969727,634.5400390625,47.56068008017992,3,6,2,0.0,0.213,0.15,0.6,0.1,0.1,0.05
117,frozen_mlp_ppo_seed3,0,NOOP,0.104524,-0.085075,0.10294,0,73,327.36153720321306,122.50971794128418,16,0.6196680068969727,634.5400390625,47.56068008017992,3,6,2,0.0,0.213,0.15,0.6,0.1,0.1,0.05,83,323.8359719109851,102.94890403747559,19,0.5344969096936678,649.9482421875,45.308996179480914,3,7,3,0.0,0.16699999999999998,0.1,0.6,0.1,0.1,0.1
118,frozen_mlp_ppo_seed3,0,NOOP,0.091709,-0.08186,0.088528,0,83,323.8359719109851,102.94890403747559,19,0.5344969096936678,649.9482421875,45.308996179480914,3,7,3,0.0,0.16699999999999998,0.1,0.6,0.1,0.1,0.1,79,336.7826570407239,186.51890754699707,22,0.47229420055042615,664.990234375,43.18941171348557,3,8,4,0.0,0.1295,0.15,0.6,0.05,0.1,0.1
119,frozen_mlp_ppo_seed3,1,COMPACT_32KB,0.140112,-0.096232,0.152518,0,79,336.7826570407239,186.51890754699707,22,0.47229420055042615,664.990234375,43.18941171348557,3,8,4,0.0,0.1295,0.15,0.6,0.05,0.1,0.1,84,363.1929918242761,111.82498931884766,13,0.7802746112530048,649.1884765625,35.55718444997633,3,0,5,0.0,0.08349999999999999,0.1,0.65,0.05,0.1,0.1
120,frozen_mlp_ppo_seed3,0,NOOP,0.127947,0.337138,0.327127,0,84,363.1929918242761,111.82498931884766,13,0.7802746112530048,649.1884765625,35.55718444997633,3,0,5,0.0,0.08349999999999999,0.1,0.65,0.05,0.1,0.1,91,428.95990937126317,111.01078987121582,16,0.6497373580932617,665.3310546875,36.537807796822705,3,1,6,0.67,0.11699999999999999,0.1,0.6,0.05,0.15,0.1
121,frozen_mlp_ppo_seed3,0,NOOP,0.109251,-0.039767,0.106849,0,91,428.95990937126317,111.01078987121582,16,0.6497373580932617,665.3310546875,36.537807796822705,3,1,6,0.67,0.11699999999999999,0.1,0.6,0.05,0.15,0.1,61,230.7882479120118,143.8307762145996,19,0.5581279553865132,678.68359375,36.14470392105237,3,2,7,0.0,0.11699999999999999,0.1,0.6,0.05,0.15,0.1
122,frozen_mlp_ppo_seed3,0,NOOP,0.095953,-0.039784,0.093339,0,61,230.7882479120118,143.8307762145996,19,0.5581279553865132,678.68359375,36.14470392105237,3,2,7,0.0,0.11699999999999999,0.1,0.6,0.05,0.15,0.1,93,432.3502337041639,158.1897735595703,22,0.49351570822975854,694.8701171875,35.12802441658535,3,3,8,0.0,0.11699999999999999,0.1,0.6,0.05,0.15,0.1
123,frozen_mlp_ppo_seed3,0,NOOP,0.085786,-0.039836,0.083067,0,93,432.3502337041639,158.1897735595703,22,0.49351570822975854,694.8701171875,35.12802441658535,3,3,8,0.0,0.11699999999999999,0.1,0.6,0.05,0.15,0.1,94,443.1228593489566,167.21773147583008,25,0.444556884765625,711.291015625,33.99239646413113,3,4,9,0.0,0.11699999999999999,0.1,0.6,0.05,0.15,0.1
124,frozen_mlp_ppo_seed3,1,COMPACT_32KB,0.148805,-0.084904,0.160967,0,94,443.1228593489566,167.21773147583008,25,0.444556884765625,711.291015625,33.99239646413113,3,4,9,0.0,0.11699999999999999,0.1,0.6,0.05,0.15,0.1,80,377.56886767931024,124.04799461364746,13,0.8237398587740384,685.3515625,32.4386716361269,3,0,10,0.0,0.11699999999999999,0.1,0.65,0.05,0.1,0.1
125,frozen_mlp_ppo_seed3,0,NOOP,0.134878,-0.039996,0.132839,0,80,377.56886767931024,124.04799461364746,13,0.8237398587740384,685.3515625,32.4386716361269,3,0,10,0.0,0.11699999999999999,0.1,0.65,0.05,0.1,0.1,84,387.9043939625816,121.9332218170166,16,0.6843881607055664,700.8134765625,34.79421755237476,3,1,11,0.0,0.11699999999999999,0.1,0.65,0.05,0.1,0.1
126,frozen_mlp_ppo_seed3,0,NOOP,0.115398,-0.039908,0.11323,0,84,387.9043939625816,121.9332218170166,16,0.6843881607055664,700.8134765625,34.79421755237476,3,1,11,0.0,0.11699999999999999,0.1,0.65,0.05,0.1,0.1,81,387.37268038944944,132.15088844299316,19,0.588863172029194,716.0576171875,34.92408568444063,3,2,12,0.0,0.11699999999999999,0.1,0.65,0.05,0.1,0.1
127,frozen_mlp_ppo_seed3,0,NOOP,0.101068,-0.039932,0.09777,0,81,387.37268038944944,132.15088844299316,19,0.588863172029194,716.0576171875,34.92408568444063,3,2,12,0.0,0.11699999999999999,0.1,0.65,0.05,0.1,0.1,77,344.28761578454186,192.39139556884766,22,0.5190915194424716,730.880859375,34.32634778761681,3,3,13,0.0,0.11699999999999999,0.15,0.65,0.05,0.05,0.1
128,frozen_mlp_ppo_seed3,0,NOOP,0.08979,-0.039943,0.087038,0,77,344.28761578454186,192.39139556884766,22,0.5190915194424716,730.880859375,34.32634778761681,3,3,13,0.0,0.11699999999999999,0.15,0.65,0.05,0.05,0.1,50,242.82457340887328,168.87903213500977,25,0.4645770263671875,743.3232421875,33.52915109370386,3,4,14,0.0,0.11699999999999999,0.15,0.65,0.05,0.05,0.1
129,frozen_mlp_ppo_seed3,2,COMPACT_64KB,0.557716,-0.099186,0.196587,0,50,242.82457340887328,168.87903213500977,25,0.4645770263671875,743.3232421875,33.52915109370386,3,4,14,0.0,0.11699999999999999,0.15,0.65,0.05,0.05,0.1,55,238.24233749119577,115.64111709594727,11,1.0071924382990056,709.0634765625,26.138447188305758,3,0,15,0.0,0.0795,0.15,0.7,0.0,0.05,0.1
130,frozen_mlp_ppo_seed3,0,NOOP,0.159721,-0.051328,0.157842,0,55,238.24233749119577,115.64111709594727,11,1.0071924382990056,709.0634765625,26.138447188305758,3,0,15,0.0,0.0795,0.15,0.7,0.0,0.05,0.1,71,326.9866644998995,111.45496368408203,14,0.807356698172433,723.3916015625,34.237289090857566,3,1,16,0.0,0.0335,0.1,0.75,0.0,0.05,0.1
131,frozen_mlp_ppo_seed3,0,NOOP,0.133731,-0.039777,0.131357,0,71,326.9866644998995,111.45496368408203,14,0.807356698172433,723.3916015625,34.237289090857566,3,1,16,0.0,0.0335,0.1,0.75,0.0,0.05,0.1,86,403.93661273904326,139.96171951293945,17,0.6792817957261029,739.05859375,35.86292566918854,3,2,17,0.0,0.0335,0.1,0.75,0.0,0.05,0.1
132,frozen_mlp_ppo_seed3,0,NOOP,0.115207,-0.03971,0.112837,0,86,403.93661273904326,139.96171951293945,17,0.6792817957261029,739.05859375,35.86292566918854,3,2,17,0.0,0.0335,0.1,0.75,0.0,0.05,0.1,71,337.06462387534987,143.51248741149902,20,0.5885360717773438,753.326171875,35.840991627547965,3,3,18,0.0,0.0335,0.1,0.75,0.0,0.05,0.1
133,frozen_mlp_ppo_seed3,0,NOOP,0.101287,0.337115,0.301314,0,71,337.06462387534987,143.51248741149902,20,0.5885360717773438,753.326171875,35.840991627547965,3,3,18,0.0,0.0335,0.1,0.75,0.0,0.05,0.1,61,290.249751840915,77.362060546875,23,0.5208083443019701,766.6298828125,35.22423784688638,3,4,19,0.67,0.067,0.1,0.75,0.0,0.1,0.05
134,frozen_mlp_ppo_seed3,2,COMPACT_64KB,0.551413,-0.089734,0.190858,0,61,290.249751840915,77.362060546875,23,0.5208083443019701,766.6298828125,35.22423784688638,3,4,19,0.67,0.067,0.1,0.75,0.0,0.1,0.05,89,414.7249032883086,88.23585510253906,12,0.9691111246744791,744.27734375,28.256077234220037,3,0,20,0.0,0.067,0.1,0.7,0.0,0.1,0.1
135,frozen_mlp_ppo_seed3,5,PARTITION_REGION,-0.025517,-0.139698,0.154288,0,89,414.7249032883086,88.23585510253906,12,0.9691111246744791,744.27734375,28.256077234220037,3,0,20,0.0,0.067,0.1,0.7,0.0,0.1,0.1,78,364.7013514281797,119.40717697143555,15,0.79088134765625,759.24609375,34.43193336617646,2,1,0,0.0,0.067,0.1,0.7,0.0,0.1,0.1
136,frozen_mlp_ppo_seed3,0,NOOP,0.132162,-0.074175,0.130445,0,78,364.7013514281797,119.40717697143555,15,0.79088134765625,759.24609375,34.43193336617646,2,1,0,0.0,0.067,0.1,0.7,0.0,0.1,0.1,78,337.08210585316397,108.33191871643066,18,0.6720606486002604,774.2138671875,35.81571109764728,2,2,1,0.0,0.067,0.1,0.65,0.0,0.1,0.15
137,frozen_mlp_ppo_seed3,0,NOOP,0.11478,-0.066431,0.115013,0,78,337.08210585316397,108.33191871643066,18,0.6720606486002604,774.2138671875,35.81571109764728,2,2,1,0.0,0.067,0.1,0.65,0.0,0.1,0.15,75,335.1367936589108,195.8770751953125,21,0.5870245070684523,788.9609375,35.73597359548728,2,3,2,0.012084168336673348,0.06760420841683366,0.1,0.7,0.0,0.1,0.1
138,frozen_mlp_ppo_seed3,0,NOOP,0.101383,-0.063531,0.104074,0,75,335.1367936589108,195.8770751953125,21,0.5870245070684523,788.9609375,35.73597359548728,2,3,2,0.012084168336673348,0.06760420841683366,0.1,0.7,0.0,0.1,0.1,52,201.70051372159156,136.8706226348877,24,0.5219173431396484,801.6650390625,35.17557159104228,2,4,3,0.016092560046865847,0.06840883641917696,0.05,0.75,0.0,0.1,0.1
139,frozen_mlp_ppo_seed3,1,COMPACT_32KB,0.158083,0.301525,0.37181,0,52,201.70051372159156,136.8706226348877,24,0.5219173431396484,801.6650390625,35.17557159104228,2,4,3,0.016092560046865847,0.06840883641917696,0.05,0.75,0.0,0.1,0.1,94,411.91600045134084,97.04399108886719,14,0.8707558768136161,780.197265625,31.321714736849323,2,0,4,0.67,0.10190883641917696,0.05,0.75,0.0,0.1,0.1
140,frozen_mlp_ppo_seed3,0,NOOP,0.143659,0.33802,0.343238,0,94,411.91600045134084,97.04399108886719,14,0.8707558768136161,780.197265625,31.321714736849323,2,0,4,0.67,0.10190883641917696,0.05,0.75,0.0,0.1,0.1,54,227.63468685865675,92.29397773742676,17,0.7289213292738971,793.06640625,34.72360881874017,2,1,5,0.67,0.10190883641917696,0.05,0.8,0.0,0.05,0.1
141,frozen_mlp_ppo_seed3,0,NOOP,0.123538,-0.030654,0.12064,0,54,227.63468685865675,92.29397773742676,17,0.7289213292738971,793.06640625,34.72360881874017,2,1,5,0.67,0.10190883641917696,0.05,0.8,0.0,0.05,0.1,62,221.31853830120963,169.87895965576172,20,0.6301895141601562,806.642578125,35.40631390851703,2,2,6,0.0,0.10190883641917696,0.05,0.75,0.0,0.1,0.1
142,frozen_mlp_ppo_seed3,0,NOOP,0.108746,0.346171,0.308163,0,62,221.31853830120963,169.87895965576172,20,0.6301895141601562,806.642578125,35.40631390851703,2,2,6,0.0,0.10190883641917696,0.05,0.75,0.0,0.1,0.1,76,311.1932819049962,107.93447494506836,23,0.5581061321756114,821.5322265625,35.08616579759934,2,3,7,0.67,0.13540883641917695,0.05,0.75,0.0,0.1,0.1
143,frozen_mlp_ppo_seed3,0,NOOP,0.09735,0.346001,0.296874,0,76,311.1932819049962,107.93447494506836,23,0.5581061321756114,821.5322265625,35.08616579759934,2,3,7,0.67,0.13540883641917695,0.05,0.75,0.0,0.1,0.1,83,344.56818719446835,106.31775856018066,26,0.5030012864332932,836.994140625,34.38790974265826,2,4,8,0.67,0.16890883641917695,0.05,0.75,0.0,0.1,0.1
144,frozen_mlp_ppo_seed3,1,COMPACT_32KB,0.153043,-0.075965,0.163152,0,83,344.56818719446835,106.31775856018066,26,0.5030012864332932,836.994140625,34.38790974265826,2,4,8,0.67,0.16890883641917695,0.05,0.75,0.0,0.1,0.1,66,274.80725356607854,229.24256324768066,15,0.8461822509765625,812.3349609375,30.807029901362952,2,0,9,0.0,0.16890883641917695,0.05,0.7,0.05,0.1,0.1
145,frozen_mlp_ppo_seed3,0,NOOP,0.141432,0.345624,0.341203,0,66,274.80725356607854,229.24256324768066,15,0.8461822509765625,812.3349609375,30.807029901362952,2,0,9,0.0,0.16890883641917695,0.05,0.7,0.05,0.1,0.1,81,345.3737419740486,83.97912979125977,18,0.7184109157986112,827.609375,33.70389119489981,2,1,10,0.67,0.20240883641917695,0.05,0.7,0.05,0.1,0.1
146,frozen_mlp_ppo_seed3,0,NOOP,0.122576,0.345447,0.320543,0,81,345.3737419740486,83.97912979125977,18,0.7184109157986112,827.609375,33.70389119489981,2,1,10,0.67,0.20240883641917695,0.05,0.7,0.05,0.1,0.1,64,297.46276499667005,177.92439460754395,21,0.626007080078125,841.353515625,34.43816738278154,2,2,11,0.67,0.23590883641917695,0.05,0.7,0.05,0.1,0.1
147,frozen_mlp_ppo_seed3,0,NOOP,0.108253,0.34523,0.307818,0,64,297.46276499667005,177.92439460754395,21,0.626007080078125,841.353515625,34.43816738278154,2,2,11,0.67,0.23590883641917695,0.05,0.7,0.05,0.1,0.1,57,249.15722599256307,101.76682472229004,24,0.5562667846679688,854.42578125,34.30713220229324,2,3,12,0.67,0.269408836419177,0.0,0.75,0.05,0.1,0.1
148,frozen_mlp_ppo_seed3,0,NOOP,0.097204,0.345081,0.296988,0,57,249.15722599256307,101.76682472229004,24,0.5562667846679688,854.42578125,34.30713220229324,2,3,12,0.67,0.269408836419177,0.0,0.75,0.05,0.1,0.1,73,326.0480152319778,94.55442428588867,27,0.5028935185185185,869.0,33.73660205746484,2,4,13,0.67,0.302908836419177,0.0,0.75,0.05,0.1,0.1
149,frozen_mlp_ppo_seed3,0,NOOP,0.088372,-0.031992,0.085423,0,73,326.0480152319778,94.55442428588867,27,0.5028935185185185,869.0,33.73660205746484,2,4,13,0.67,0.302908836419177,0.0,0.75,0.05,0.1,0.1,82,355.0323028850968,184.97681617736816,30,0.4606114705403646,884.3740234375,32.995104478911706,2,5,14,0.0,0.302908836419177,0.0,0.7,0.05,0.15,0.1
150,frozen_mlp_ppo_seed3,1,COMPACT_32KB,0.14066,0.299719,0.354454,0,82,355.0323028850968,184.97681617736816,30,0.4606114705403646,884.3740234375,32.995104478911706,2,5,14,0.0,0.302908836419177,0.0,0.7,0.05,0.15,0.1,63,280.78858488440795,97.4724292755127,17,0.785517973058364,854.6435546875,30.97766382203472,2,0,15,0.67,0.33640883641917696,0.0,0.7,0.05,0.15,0.1
151,frozen_mlp_ppo_seed3,0,NOOP,0.104303,0.344277,0.304065,0,63,280.78858488440795,97.4724292755127,17,0.785517973058364,854.6435546875,30.97766382203472,2,0,15,0.67,0.33640883641917696,0.0,0.7,0.05,0.15,0.1,181,643.8213475513522,94.39468383789062,26,0.5377631554236779,894.837890625,33.2907858609567,2,1,16,0.67,0.369908836419177,0.0,0.7,0.05,0.15,0.1
152,frozen_mlp_ppo_seed3,0,NOOP,0.078961,-0.032975,0.075017,0,181,643.8213475513522,94.39468383789062,26,0.5377631554236779,894.837890625,33.2907858609567,2,1,16,0.67,0.369908836419177,0.0,0.7,0.05,0.15,0.1,163,575.1949594099232,240.92578887939453,35,0.4166782924107143,933.359375,31.521899609038464,2,2,17,0.0,0.369908836419177,0.05,0.65,0.05,0.15,0.1
153,frozen_mlp_ppo_seed3,0,NOOP,0.059648,-0.041792,0.056293,0,163,575.1949594099232,240.92578887939453,35,0.4166782924107143,933.359375,31.521899609038464,2,2,17,0.0,0.369908836419177,0.05,0.65,0.05,0.15,0.1,224,704.1014419657678,226.517915725708,47,0.3276152915142952,985.466796875,28.833197430782768,2,3,18,0.0,0.33640883641917696,0.05,0.65,0.05,0.15,0.1
154,frozen_mlp_ppo_seed3,0,NOOP,0.050289,0.342927,0.249174,0,224,704.1014419657678,226.517915725708,47,0.3276152915142952,985.466796875,28.833197430782768,2,3,18,0.0,0.33640883641917696,0.05,0.65,0.05,0.15,0.1,192,667.1651529298119,175.72593688964844,56,0.28644371032714844,1026.6142578125,27.063194982345532,2,4,19,0.67,0.369908836419177,0.05,0.7,0.05,0.15,0.05
155,frozen_mlp_ppo_seed3,2,COMPACT_64KB,0.259396,-0.084313,0.168567,0,192,667.1651529298119,175.72593688964844,56,0.28644371032714844,1026.6142578125,27.063194982345532,2,4,19,0.67,0.369908836419177,0.05,0.7,0.05,0.15,0.05,205,519.9351284671621,108.14094543457031,17,0.8621512020335478,938.0205078125,25.20756729166222,2,0,20,0.0,0.369908836419177,0.05,0.65,0.05,0.2,0.05
156,frozen_mlp_ppo_seed3,0,NOOP,0.114336,0.342217,0.31402,0,205,519.9351284671621,108.14094543457031,17,0.8621512020335478,938.0205078125,25.20756729166222,2,0,20,0.0,0.369908836419177,0.05,0.65,0.05,0.2,0.05,180,641.8554068139271,98.26993942260742,26,0.5879275982196515,978.3115234375,31.81150777852775,2,1,21,0.67,0.40340883641917696,0.05,0.7,0.05,0.2,0.0
157,frozen_mlp_ppo_seed3,0,NOOP,0.086611,0.341696,0.286066,0,180,641.8554068139271,98.26993942260742,26,0.5879275982196515,978.3115234375,31.81150777852775,2,1,21,0.67,0.40340883641917696,0.05,0.7,0.05,0.2,0.0,187,556.3562082068648,121.0012435913086,35,0.4549290248325893,1019.041015625,30.97934269623594,2,2,22,0.67,0.43630462800234326,0.05,0.7,0.05,0.2,0.0
158,frozen_mlp_ppo_seed3,0,NOOP,0.061456,-0.03572,0.056541,0,187,556.3562082068648,121.0012435913086,35,0.4549290248325893,1019.041015625,30.97934269623594,2,2,22,0.67,0.43630462800234326,0.05,0.7,0.05,0.2,0.0,271,761.4732053912791,308.2573413848877,50,0.3385321044921875,1083.302734375,28.25212105599525,2,3,23,0.0,0.43550000000000005,0.1,0.65,0.05,0.2,0.0
159,frozen_mlp_ppo_seed3,0,NOOP,0.049471,0.332527,0.248947,0,271,761.4732053912791,308.2573413848877,50,0.3385321044921875,1083.302734375,28.25212105599525,2,3,23,0.0,0.43550000000000005,0.1,0.65,0.05,0.2,0.0,222,717.7526495556516,153.66840362548828,62,0.28610327935987906,1135.2578125,26.248243446077577,2,4,24,0.67,0.43550000000000005,0.1,0.65,0.05,0.2,0.0
160,frozen_mlp_ppo_seed3,2,COMPACT_64KB,0.267013,0.282054,0.37762,0,222,717.7526495556516,153.66840362548828,62,0.28610327935987906,1135.2578125,26.248243446077577,2,4,24,0.67,0.43550000000000005,0.1,0.65,0.05,0.2,0.0,272,799.1047510578492,87.59641647338867,18,0.9008619520399306,1037.79296875,24.167951282768005,2,0,25,0.67,0.43550000000000005,0.1,0.65,0.05,0.2,0.0
161,frozen_mlp_ppo_seed3,0,NOOP,0.110013,-0.036854,0.106326,0,272,799.1047510578492,87.59641647338867,18,0.9008619520399306,1037.79296875,24.167951282768005,2,0,25,0.67,0.43550000000000005,0.1,0.65,0.05,0.2,0.0,249,799.245812189248,221.85993194580078,30,0.5688140869140625,1092.123046875,32.30168434765428,2,1,26,0.0,0.43550000000000005,0.15,0.65,0.05,0.15,0.0
162,frozen_mlp_ppo_seed3,0,NOOP,0.079797,0.331375,0.279384,0,249,799.245812189248,221.85993194580078,30,0.5688140869140625,1092.123046875,32.30168434765428,2,1,26,0.0,0.43550000000000005,0.15,0.65,0.05,0.15,0.0,210,678.9735272397627,123.1546401977539,42,0.42523665655226933,1143.0361328125,30.892203110062372,2,2,27,0.67,0.43550000000000005,0.15,0.65,0.05,0.15,0.0
163,frozen_mlp_ppo_seed3,0,NOOP,0.059149,0.330852,0.258989,0,210,678.9735272397627,123.1546401977539,42,0.42523665655226933,1143.0361328125,30.892203110062372,2,2,27,0.67,0.43550000000000005,0.15,0.65,0.05,0.15,0.0,288,830.6900404631115,129.25100326538086,57,0.33137190969366775,1208.8447265625,28.315120955695562,2,3,28,0.67,0.43550000000000005,0.15,0.65,0.05,0.15,0.0
164,frozen_mlp_ppo_seed3,0,NOOP,0.048587,0.338894,0.248048,0,288,830.6900404631115,129.25100326538086,57,0.33137190969366775,1208.8447265625,28.315120955695562,2,3,28,0.67,0.43550000000000005,0.15,0.65,0.05,0.15,0.0,249,795.0191648346295,163.193941116333,69,0.28605828768965125,1263.2333984375,26.4741302806637,2,4,29,0.67,0.46900000000000003,0.15,0.7,0.0,0.15,0.0
165,frozen_mlp_ppo_seed3,2,COMPACT_64KB,0.258462,0.280184,0.368971,0,249,795.0191648346295,163.193941116333,69,0.28605828768965125,1263.2333984375,26.4741302806637,2,4,29,0.67,0.46900000000000003,0.15,0.7,0.0,0.15,0.0,281,819.0309245825449,96.26150131225586,21,0.8599802652994791,1155.8134765625,23.90198176426203,2,0,30,0.67,0.46900000000000003,0.15,0.7,0.0,0.15,0.0
166,frozen_mlp_ppo_seed3,0,NOOP,0.110068,-0.046876,0.103593,0,281,819.0309245825449,96.26150131225586,21,0.8599802652994791,1155.8134765625,23.90198176426203,2,0,30,0.67,0.46900000000000003,0.15,0.7,0.0,0.15,0.0,202,624.0687083739067,364.98379707336426,33,0.5709649288293087,1205.8779296875,31.219184100204288,2,1,31,0.0,0.43550000000000005,0.15,0.65,0.05,0.15,0.0
167,frozen_mlp_ppo_seed3,0,NOOP,0.081761,0.329766,0.281102,0,202,624.0687083739067,364.98379707336426,33,0.5709649288293087,1205.8779296875,31.219184100204288,2,1,31,0.0,0.43550000000000005,0.15,0.65,0.05,0.15,0.0,228,562.7085952546131,139.18566703796387,45,0.4369283040364583,1258.353515625,30.26325135820414,2,2,32,0.67,0.43550000000000005,0.15,0.65,0.05,0.15,0.0
168,frozen_mlp_ppo_seed3,0,NOOP,0.064737,-0.047436,0.059947,0,228,562.7085952546131,139.18566703796387,45,0.4369283040364583,1258.353515625,30.26325135820414,2,2,32,0.67,0.43550000000000005,0.15,0.65,0.05,0.15,0.0,228,723.4709855472438,310.7442855834961,57,0.35931075246710525,1310.765625,28.529759899949177,2,3,33,0.0,0.402,0.15,0.6,0.05,0.2,0.0
169,frozen_mlp_ppo_seed3,0,NOOP,0.055673,-0.039304,0.051085,0,228,723.4709855472438,310.7442855834961,57,0.35931075246710525,1310.765625,28.529759899949177,2,3,33,0.0,0.402,0.15,0.6,0.05,0.2,0.0,171,565.5080825618196,311.9025230407715,66,0.31961313883463544,1350.0458984375,27.255215580395497,2,4,34,0.0,0.402,0.15,0.6,0.05,0.15,0.05
170,frozen_mlp_ppo_seed3,1,COMPACT_32KB,-0.21407,0.283918,0.337389,0,171,565.5080825618196,311.9025230407715,66,0.31961313883463544,1350.0458984375,27.255215580395497,2,4,34,0.0,0.402,0.15,0.6,0.05,0.15,0.05,205,608.9472647978255,102.9660701751709,28,0.7062421526227679,1265.5859375,27.06182002955927,2,0,35,0.67,0.402,0.15,0.6,0.05,0.15,0.05
171,frozen_mlp_ppo_seed3,0,NOOP,0.091144,-0.048268,0.088647,0,205,608.9472647978255,102.9660701751709,28,0.7062421526227679,1265.5859375,27.06182002955927,2,0,35,0.67,0.402,0.15,0.6,0.05,0.15,0.05,252,705.7798480752999,178.58171463012695,43,0.482595399368641,1328.1025390625,29.368032004314706,2,1,36,0.0,0.36850000000000005,0.15,0.55,0.05,0.15,0.1
172,frozen_mlp_ppo_seed3,0,NOOP,0.067849,-0.040247,0.058752,0,252,705.7798480752999,178.58171463012695,43,0.482595399368641,1328.1025390625,29.368032004314706,2,1,36,0.0,0.36850000000000005,0.15,0.55,0.05,0.15,0.1,287,592.7915724449838,527.3523330688477,58,0.3754951213968211,1393.837890625,27.797685526831344,2,2,37,0.0,0.36850000000000005,0.1,0.55,0.1,0.15,0.1
173,frozen_mlp_ppo_seed3,0,NOOP,0.053391,0.3362,0.253221,0,287,592.7915724449838,527.3523330688477,58,0.3754951213968211,1393.837890625,27.797685526831344,2,2,37,0.0,0.36850000000000005,0.1,0.55,0.1,0.15,0.1,296,844.2250516117275,149.77216720581055,73,0.3125802654109589,1460.375,25.99007955523488,2,3,38,0.67,0.402,0.1,0.6,0.1,0.1,0.1
174,frozen_mlp_ppo_seed3,0,NOOP,0.043202,-0.049342,0.036154,0,296,844.2250516117275,149.77216720581055,73,0.3125802654109589,1460.375,25.99007955523488,2,3,38,0.67,0.402,0.1,0.6,0.1,0.1,0.1,288,834.9227477066503,462.38088607788086,88,0.2710089250044389,1526.322265625,24.370983599837647,2,4,39,0.0,0.36850000000000005,0.15,0.55,0.1,0.1,0.1
175,frozen_mlp_ppo_seed3,1,COMPACT_32KB,-0.224346,0.290792,0.327386,0,288,834.9227477066503,462.38088607788086,88,0.2710089250044389,1526.322265625,24.370983599837647,2,4,39,0.0,0.36850000000000005,0.15,0.55,0.1,0.1,0.1,153,536.0240360641195,95.57437896728516,33,0.6579881147904829,1389.6708984375,25.843823598140684,2,0,40,0.67,0.402,0.15,0.6,0.1,0.05,0.1
176,frozen_mlp_ppo_seed3,0,NOOP,0.10118,-0.049696,0.096681,0,153,536.0240360641195,95.57437896728516,33,0.6579881147904829,1389.6708984375,25.843823598140684,2,0,40,0.67,0.402,0.15,0.6,0.1,0.05,0.1,186,622.6743066214271,277.43983268737793,42,0.5321477254231771,1430.4130859375,27.660653841723462,2,1,41,0.0,0.36850000000000005,0.2,0.55,0.1,0.05,0.1
177,frozen_mlp_ppo_seed3,0,NOOP,0.074909,-0.049933,0.07168,0,186,622.6743066214271,277.43983268737793,42,0.5321477254231771,1430.4130859375,27.660653841723462,2,1,41,0.0,0.36850000000000005,0.2,0.55,0.1,0.05,0.1,288,810.9745393805773,232.71441459655762,57,0.41016963490268643,1496.298828125,27.092053646165585,2,2,42,0.0,0.3350000000000001,0.2,0.5,0.1,0.05,0.15
178,frozen_mlp_ppo_seed3,0,NOOP,0.061513,0.335078,0.260774,0,288,810.9745393805773,232.71441459655762,57,0.41016963490268643,1496.298828125,27.092053646165585,2,2,42,0.0,0.3350000000000001,0.2,0.5,0.1,0.05,0.15,227,696.6752190036323,173.22731018066406,69,0.35069075874660327,1548.650390625,25.96928801818036,2,3,43,0.67,0.36850000000000005,0.15,0.55,0.1,0.05,0.15
179,frozen_mlp_ppo_seed3,0,NOOP,0.053867,0.326585,0.253325,0,227,696.6752190036323,173.22731018066406,69,0.35069075874660327,1548.650390625,25.96928801818036,2,3,43,0.67,0.36850000000000005,0.15,0.55,0.1,0.05,0.15,170,568.7042175559885,174.58868026733398,78,0.3180862818008814,1587.88671875,25.088484355410102,2,4,44,0.67,0.36850000000000005,0.15,0.55,0.1,0.05,0.15
180,frozen_mlp_ppo_seed3,1,COMPACT_32KB,-0.230258,-0.095561,0.117058,0,170,568.7042175559885,174.58868026733398,78,0.3180862818008814,1587.88671875,25.088484355410102,2,4,44,0.67,0.36850000000000005,0.15,0.55,0.1,0.05,0.15,204,639.1201030793076,271.3208198547363,37,0.6309237093538851,1494.02734375,24.84696517722962,2,0,45,0.0,0.335,0.2,0.5,0.1,0.05,0.15
181,frozen_mlp_ppo_seed3,0,NOOP,0.087176,0.334456,0.286488,0,204,639.1201030793076,271.3208198547363,37,0.6309237093538851,1494.02734375,24.84696517722962,2,0,45,0.0,0.335,0.2,0.5,0.1,0.05,0.15,276,763.1366321804377,149.40619468688965,52,0.4683799743652344,1558.7685546875,26.61003033709432,2,1,46,0.67,0.3685,0.15,0.55,0.1,0.05,0.15
182,frozen_mlp_ppo_seed3,0,NOOP,0.074234,0.32594,0.273589,0,276,763.1366321804377,149.40619468688965,52,0.4683799743652344,1558.7685546875,26.61003033709432,2,1,46,0.67,0.3685,0.15,0.55,0.1,0.05,0.15,168,596.6904351610906,158.49065780639648,61,0.4092930027695953,1597.8798828125,26.190747133300462,2,2,47,0.67,0.3685,0.15,0.55,0.1,0.05,0.15
183,frozen_mlp_ppo_seed3,0,NOOP,0.064369,0.325786,0.264287,0,168,596.6904351610906,158.49065780639648,61,0.4092930027695953,1597.8798828125,26.190747133300462,2,2,47,0.67,0.3685,0.15,0.55,0.1,0.05,0.15,179,470.3533794218161,141.58391952514648,70,0.36559317452566964,1637.857421875,25.501969238251153,2,3,48,0.67,0.36850000000000005,0.15,0.55,0.1,0.05,0.15
184,frozen_mlp_ppo_seed3,0,NOOP,0.054237,0.325598,0.254338,0,179,470.3533794218161,141.58391952514648,70,0.36559317452566964,1637.857421875,25.501969238251153,2,3,48,0.67,0.36850000000000005,0.15,0.55,0.1,0.05,0.15,249,792.6153547251146,147.44949340820312,82,0.3224364490043826,1692.146484375,24.477232190103877,2,4,49,0.67,0.3685,0.15,0.55,0.1,0.05,0.15
185,frozen_mlp_ppo_seed3,2,COMPACT_64KB,0.265885,-0.101442,0.174467,0,249,792.6153547251146,147.44949340820312,82,0.3224364490043826,1692.146484375,24.477232190103877,2,4,49,0.67,0.3685,0.15,0.55,0.1,0.05,0.15,223,688.6473564897406,150.06780624389648,27,0.9008438675491898,1556.658203125,17.272057575995976,2,0,50,0.0,0.335,0.15,0.5,0.1,0.05,0.2
186,frozen_mlp_ppo_seed3,0,NOOP,0.123861,-0.0432,0.120898,0,223,688.6473564897406,150.06780624389648,27,0.9008438675491898,1556.658203125,17.272057575995976,2,0,50,0.0,0.335,0.15,0.5,0.1,0.05,0.2,201,640.3955334761406,196.8843936920166,39,0.6436775403145032,1606.619140625,28.805719706859396,2,1,51,0.0,0.335,0.15,0.5,0.05,0.1,0.2
187,frozen_mlp_ppo_seed3,0,NOOP,0.089913,0.32509,0.289198,0,201,640.3955334761406,196.8843936920166,39,0.6436775403145032,1606.619140625,28.805719706859396,2,1,51,0.0,0.335,0.15,0.5,0.05,0.1,0.2,264,772.4640073667908,153.25188636779785,54,0.48331451416015625,1670.3349609375,29.565033510679804,2,2,52,0.67,0.3350000000000001,0.15,0.5,0.05,0.1,0.2
188,frozen_mlp_ppo_seed3,0,NOOP,0.069855,0.333261,0.269745,0,264,772.4640073667908,153.25188636779785,54,0.48331451416015625,1670.3349609375,29.565033510679804,2,2,52,0.67,0.3350000000000001,0.15,0.5,0.05,0.1,0.2,252,725.4494457366922,141.7255401611328,69,0.39239855780117755,1732.83203125,28.37341140504556,2,3,53,0.67,0.36850000000000005,0.15,0.55,0.05,0.05,0.2
189,frozen_mlp_ppo_seed3,0,NOOP,0.058761,0.333088,0.256498,0,252,725.4494457366922,141.7255401611328,69,0.39239855780117755,1732.83203125,28.37341140504556,2,3,53,0.67,0.36850000000000005,0.15,0.55,0.05,0.05,0.2,231,630.3014254711237,264.41478729248047,81,0.3444302405840085,1785.5263671875,27.189035647141733,2,4,54,0.67,0.402,0.15,0.6,0.05,0.05,0.15
190,frozen_mlp_ppo_seed3,3,COMPACT_128KB,0.54775,-0.082021,0.192957,0,231,630.3014254711237,264.41478729248047,81,0.3444302405840085,1785.5263671875,27.189035647141733,2,4,54,0.67,0.402,0.15,0.6,0.05,0.05,0.15,268,765.4814093471157,262.17079162597656,18,1.4194708930121527,1635.23046875,19.693204208970737,2,0,55,0.0,0.3685,0.15,0.55,0.1,0.05,0.15
191,frozen_mlp_ppo_seed3,0,NOOP,0.190617,-0.018652,0.188605,0,268,765.4814093471157,262.17079162597656,18,1.4194708930121527,1635.23046875,19.693204208970737,2,0,55,0.0,0.3685,0.15,0.55,0.1,0.05,0.15,188,668.3792863481902,134.3233585357666,27,0.9699582700376157,1676.087890625,44.41533039780167,2,1,56,0.0,0.36850000000000005,0.15,0.55,0.1,0.05,0.15
192,frozen_mlp_ppo_seed3,0,NOOP,0.124352,-0.018699,0.120192,0,188,668.3792863481902,134.3233585357666,27,0.9699582700376157,1676.087890625,44.41533039780167,2,1,56,0.0,0.36850000000000005,0.15,0.55,0.1,0.05,0.15,287,714.0570609635363,260.53833961486816,42,0.6480124337332589,1741.857421875,45.10069065301218,2,2,57,0.0,0.36850000000000005,0.15,0.55,0.05,0.1,0.15
193,frozen_mlp_ppo_seed3,0,NOOP,0.102868,0.349736,0.301992,0,287,714.0570609635363,260.53833961486816,42,0.6480124337332589,1741.857421875,45.10069065301218,2,2,57,0.0,0.36850000000000005,0.15,0.55,0.05,0.1,0.15,191,675.4932805830858,157.53626823425293,51,0.5462140849992341,1782.8427734375,43.245557177792946,2,3,58,0.67,0.36850000000000005,0.15,0.55,0.05,0.1,0.15
194,frozen_mlp_ppo_seed3,0,NOOP,0.087443,-0.018742,0.082145,0,191,675.4932805830858,157.53626823425293,51,0.5462140849992341,1782.8427734375,43.245557177792946,2,3,58,0.67,0.36850000000000005,0.15,0.55,0.05,0.1,0.15,179,627.651508894191,339.9040699005127,60,0.47471593221028646,1822.9091796875,41.29915090059473,2,4,59,0.0,0.36850000000000005,0.1,0.55,0.05,0.15,0.15
195,frozen_mlp_ppo_seed3,2,COMPACT_64KB,0.286091,-0.077051,0.194948,0,179,627.651508894191,339.9040699005127,60,0.47471593221028646,1822.9091796875,41.29915090059473,2,4,59,0.0,0.36850000000000005,0.1,0.55,0.05,0.15,0.15,244,802.7470524792433,132.5976848602295,24,1.1372941335042317,1746.8837890625,32.889529628544636,2,0,60,0.0,0.3350000000000001,0.1,0.5,0.05,0.15,0.2
196,frozen_mlp_ppo_seed3,0,NOOP,0.151483,0.358161,0.351463,0,244,802.7470524792433,132.5976848602295,24,1.1372941335042317,1746.8837890625,32.889529628544636,2,0,60,0.0,0.3350000000000001,0.1,0.5,0.05,0.15,0.2,202,629.1702061615281,95.96490859985352,36,0.7799127366807725,1796.9189453125,42.27557153901338,2,1,61,0.67,0.36850000000000005,0.05,0.55,0.05,0.15,0.2
197,frozen_mlp_ppo_seed3,0,NOOP,0.121871,-0.018751,0.117804,0,202,629.1702061615281,95.96490859985352,36,0.7799127366807725,1796.9189453125,42.27557153901338,2,1,61,0.67,0.36850000000000005,0.05,0.55,0.05,0.15,0.2,168,583.0420689695118,259.6006393432617,45,0.6374776204427083,1835.935546875,41.973084706089544,2,2,62,0.0,0.36850000000000005,0.05,0.55,0.05,0.2,0.15
198,frozen_mlp_ppo_seed3,0,NOOP,0.091443,-0.027156,0.079091,0,168,583.0420689695118,259.6006393432617,45,0.6374776204427083,1835.935546875,41.973084706089544,2,2,62,0.0,0.36850000000000005,0.05,0.55,0.05,0.2,0.15,265,775.97789404164,692.5914287567139,60,0.49471435546875,1899.703125,39.606281074449306,2,3,63,0.0,0.3350000000000001,0.05,0.5,0.1,0.2,0.15
199,frozen_mlp_ppo_seed3,0,NOOP,0.079223,0.349728,0.27888,0,265,775.97789404164,692.5914287567139,60,0.49471435546875,1899.703125,39.606281074449306,2,3,63,0.0,0.3350000000000001,0.05,0.5,0.1,0.2,0.15,179,639.5008696689125,153.41925621032715,69,0.43923994423686596,1939.68359375,38.031217198262006,2,4,64,0.67,0.3350000000000001,0.05,0.5,0.1,0.2,0.15
200,frozen_mlp_ppo_seed3,1,COMPACT_32KB,-0.210001,-0.06374,0.137298,0,179,639.5008696689125,153.41925621032715,69,0.43923994423686596,1939.68359375,38.031217198262006,2,4,64,0.67,0.3350000000000001,0.05,0.5,0.1,0.2,0.15,189,698.1106182415742,275.9971618652344,40,0.7340873718261719,1879.263671875,34.18715161785444,2,0,65,0.0,0.3350000000000001,0.0,0.5,0.1,0.25,0.15
201,frozen_mlp_ppo_seed3,0,NOOP,0.103618,-0.027195,0.09894,0,189,698.1106182415742,275.9971618652344,40,0.7340873718261719,1879.263671875,34.18715161785444,2,0,65,0.0,0.3350000000000001,0.0,0.5,0.1,0.25,0.15,284,858.8545715288949,302.6549816131592,55,0.5524666526100852,1944.6826171875,34.803774283557516,2,1,66,0.0,0.3015,0.0,0.45,0.1,0.3,0.15
202,frozen_mlp_ppo_seed3,0,NOOP,0.088874,0.349718,0.288516,0,284,858.8545715288949,302.6549816131592,55,0.5524666526100852,1944.6826171875,34.803774283557516,2,1,66,0.0,0.3015,0.0,0.45,0.1,0.3,0.15,171,631.179215137896,147.94158935546875,64,0.4843723773956299,1983.9892578125,34.00340881879385,2,2,67,0.67,0.3015,0.0,0.45,0.1,0.3,0.15
203,frozen_mlp_ppo_seed3,0,NOOP,0.077473,-0.027126,0.071181,0,171,631.179215137896,147.94158935546875,64,0.4843723773956299,1983.9892578125,34.00340881879385,2,2,67,0.67,0.3015,0.0,0.45,0.1,0.3,0.15,166,607.7703886563057,405.84325790405273,73,0.4329888330747003,2022.923828125,33.01079848703344,2,3,68,0.0,0.268,0.05,0.4,0.1,0.3,0.15
204,frozen_mlp_ppo_seed3,0,NOOP,0.065739,-0.02709,0.057783,0,166,607.7703886563057,405.84325790405273,73,0.4329888330747003,2022.923828125,33.01079848703344,2,3,68,0.0,0.268,0.05,0.4,0.1,0.3,0.15,246,781.2715584409684,504.0707588195801,85,0.3818217558019302,2077.1103515625,31.624636915557076,2,4,69,0.0,0.23450000000000001,0.05,0.35,0.1,0.35,0.15
205,frozen_mlp_ppo_seed3,2,COMPACT_64KB,0.285591,-0.068689,0.193553,0,246,781.2715584409684,504.0707588195801,85,0.3818217558019302,2077.1103515625,31.624636915557076,2,4,69,0.0,0.23450000000000001,0.05,0.35,0.1,0.35,0.15,239,634.0046220342264,182.33609199523926,28,1.0819854736328125,1938.91796875,22.409304861584914,2,0,70,0.0,0.23450000000000001,0.05,0.35,0.1,0.4,0.1
206,frozen_mlp_ppo_seed3,7,REMOVE_PARTITION,0.098715,-0.05369,0.157511,0,239,634.0046220342264,182.33609199523926,28,1.0819854736328125,1938.91796875,22.409304861584914,2,0,70,0.0,0.23450000000000001,0.05,0.35,0.1,0.4,0.1,157,542.8454482578398,288.27476501464844,37,0.8348825815561656,1977.001953125,34.299474687203805,0,1,0,0.0,0.23450000000000001,0.1,0.35,0.1,0.35,0.1
207,frozen_mlp_ppo_seed3,0,NOOP,0.147844,-0.043397,0.146443,0,157,542.8454482578398,288.27476501464844,37,0.8348825815561656,1977.001953125,34.299474687203805,0,1,0,0.0,0.23450000000000001,0.1,0.35,0.1,0.35,0.1,214,708.6209121792053,121.28829956054688,41,0.7648441965987043,2006.951171875,35.34558773838498,0,2,1,0.0,0.201,0.1,0.35,0.1,0.35,0.1
208,frozen_mlp_ppo_seed3,0,NOOP,0.133321,-0.042017,0.129389,0,214,708.6209121792053,121.28829956054688,41,0.7648441965987043,2006.951171875,35.34558773838498,0,2,1,0.0,0.201,0.1,0.35,0.1,0.35,0.1,299,1089.2555036158058,254.0900707244873,46,0.6953549592391305,2047.125,35.72515584273118,0,3,2,0.0,0.16750000000000004,0.1,0.3,0.1,0.4,0.1
209,frozen_mlp_ppo_seed3,0,NOOP,0.123516,-0.041101,0.120668,0,299,1089.2555036158058,254.0900707244873,46,0.6953549592391305,2047.125,35.72515584273118,0,3,2,0.0,0.16750000000000004,0.1,0.3,0.1,0.4,0.1,205,836.0711771455242,204.9124240875244,50,0.648831787109375,2076.26171875,35.72300430764071,0,4,3,0.0,0.134,0.1,0.25,0.1,0.4,0.15
210,frozen_mlp_ppo_seed3,2,COMPACT_64KB,0.285591,-0.073768,0.190488,0,205,836.0711771455242,204.9124240875244,50,0.648831787109375,2076.26171875,35.72300430764071,0,4,3,0.0,0.134,0.1,0.25,0.1,0.4,0.15,177,723.3087531652415,335.58058738708496,28,1.1326283046177454,2029.669921875,18.233400334823767,0,0,4,0.0,0.134,0.1,0.25,0.1,0.4,0.15
211,frozen_mlp_ppo_seed3,0,NOOP,0.191504,-0.023025,0.189426,0,177,723.3087531652415,335.58058738708496,28,1.1326283046177454,2029.669921875,18.233400334823767,0,0,4,0.0,0.134,0.1,0.25,0.1,0.4,0.15,254,934.0410543712218,145.1120376586914,33,0.9781429406368372,2065.837890625,29.069574080697436,0,1,5,0.0,0.134,0.1,0.25,0.1,0.4,0.15
212,frozen_mlp_ppo_seed3,0,NOOP,0.168267,-0.022272,0.165901,0,254,934.0410543712218,145.1120376586914,33,0.9781429406368372,2065.837890625,29.069574080697436,0,1,5,0.0,0.134,0.1,0.25,0.1,0.4,0.15,275,864.5845482688575,165.76480865478516,38,0.8650825902035362,2103.880859375,32.950658947520424,0,2,6,0.0,0.134,0.1,0.25,0.1,0.35,0.2
213,frozen_mlp_ppo_seed3,0,NOOP,0.150252,-0.029962,0.146497,0,275,864.5845482688575,165.76480865478516,38,0.8650825902035362,2103.880859375,32.950658947520424,0,2,6,0.0,0.134,0.1,0.25,0.1,0.35,0.2,270,987.5827090060966,241.51229858398438,43,0.7781368521756904,2141.4326171875,34.603752372482624,0,3,7,0.0,0.1005,0.1,0.25,0.1,0.35,0.2
214,frozen_mlp_ppo_seed3,0,NOOP,0.141369,-0.021157,0.137704,0,270,987.5827090060966,241.51229858398438,43,0.7781368521756904,2141.4326171875,34.603752372482624,0,3,7,0.0,0.1005,0.1,0.25,0.1,0.35,0.2,181,741.947676481195,240.75961112976074,46,0.7355947079865829,2165.5908203125,35.01724094535595,0,4,8,0.0,0.1005,0.1,0.25,0.1,0.35,0.2
215,frozen_mlp_ppo_seed3,3,COMPACT_128KB,0.54725,-0.055,0.194585,0,181,741.947676481195,240.75961112976074,46,0.7355947079865829,2165.5908203125,35.01724094535595,0,4,8,0.0,0.1005,0.1,0.25,0.1,0.35,0.2,203,702.0681764397884,160.73942184448242,22,1.5009176080877131,2113.2919921875,15.049574466572457,0,0,9,0.0,0.1005,0.1,0.25,0.1,0.4,0.15
216,frozen_mlp_ppo_seed3,0,NOOP,0.19675,-0.008375,0.189782,0,203,702.0681764397884,160.73942184448242,22,1.5009176080877131,2113.2919921875,15.049574466572457,0,0,9,0.0,0.1005,0.1,0.25,0.1,0.4,0.15,229,880.2760587647668,380.88417053222656,26,1.288824228140024,2144.603515625,35.2729101296801,0,1,10,0.0,0.067,0.1,0.2,0.15,0.4,0.15
217,frozen_mlp_ppo_seed3,0,NOOP,0.19625,0.0,0.191995,0,229,880.2760587647668,380.88417053222656,26,1.288824228140024,2144.603515625,35.2729101296801,0,1,10,0.0,0.067,0.1,0.2,0.15,0.4,0.15,240,922.8806207832952,250.2307891845703,30,1.1337453206380208,2176.791015625,41.6526100734709,0,2,11,0.0,0.067,0.15,0.2,0.15,0.35,0.15
218,frozen_mlp_ppo_seed3,0,NOOP,0.19575,0.0,0.191486,0,240,922.8806207832952,250.2307891845703,30,1.1337453206380208,2176.791015625,41.6526100734709,0,2,11,0.0,0.067,0.15,0.2,0.15,0.35,0.15,227,879.9502107669032,255.7048797607422,34,1.0145869535558365,2207.7412109375,44.43024839083883,0,3,12,0.0,0.067,0.2,0.2,0.1,0.35,0.15
219,frozen_mlp_ppo_seed3,0,NOOP,0.170845,-0.008375,0.168458,0,227,879.9502107669032,255.7048797607422,34,1.0145869535558365,2207.7412109375,44.43024839083883,0,3,12,0.0,0.067,0.2,0.2,0.1,0.35,0.15,300,1077.411112747499,169.36230659484863,40,0.8792247772216797,2250.8154296875,45.89705562684445,0,4,13,0.0,0.0335,0.2,0.15,0.1,0.35,0.2
220,frozen_mlp_ppo_seed3,3,COMPACT_128KB,0.547125,-0.055,0.191876,0,300,1077.411112747499,169.36230659484863,40,0.8792247772216797,2250.8154296875,45.89705562684445,0,4,13,0.0,0.0335,0.2,0.15,0.1,0.35,0.2,249,990.2769258777436,291.19110107421875,23,1.510515959366508,2223.4794921875,15.12663520626845,0,0,14,0.0,0.0335,0.2,0.15,0.15,0.3,0.2
221,frozen_mlp_ppo_seed3,0,NOOP,0.196625,0.0,0.194629,0,249,990.2769258777436,291.19110107421875,23,1.510515959366508,2223.4794921875,15.12663520626845,0,0,14,0.0,0.0335,0.2,0.15,0.15,0.3,0.2,233,953.6062325212868,133.5606575012207,27,1.3050384521484375,2255.1064453125,35.01782440683035,0,1,15,0.0,0.0335,0.2,0.15,0.15,0.25,0.25
222,frozen_mlp_ppo_seed3,0,NOOP,0.19625,-0.008375,0.193539,0,233,953.6062325212868,133.5606575012207,27,1.3050384521484375,2255.1064453125,35.01782440683035,0,1,15,0.0,0.0335,0.2,0.15,0.15,0.25,0.25,183,788.1577100680486,173.0508804321289,30,1.187371826171875,2279.75390625,40.34095760617987,0,2,16,0.0,0.0,0.2,0.1,0.15,0.3,0.25
223,frozen_mlp_ppo_seed3,0,NOOP,0.19575,0.0,0.191664,0,183,788.1577100680486,173.0508804321289,30,1.187371826171875,2279.75390625,40.34095760617987,0,2,16,0.0,0.0,0.2,0.1,0.15,0.3,0.25,241,992.1724378240325,246.8090057373047,34,1.0625314151539522,2312.068359375,43.85677962011227,0,3,17,0.0,0.0,0.2,0.1,0.15,0.3,0.25
224,frozen_mlp_ppo_seed3,0,NOOP,0.188009,0.0,0.181127,0,241,992.1724378240325,246.8090057373047,34,1.0625314151539522,2312.068359375,43.85677962011227,0,3,17,0.0,0.0,0.2,0.1,0.15,0.3,0.25,235,951.4740267450245,391.6006088256836,38,0.9637941059313322,2343.947265625,45.432115355888065,0,4,18,0.0,0.0,0.2,0.1,0.2,0.25,0.25
225,frozen_mlp_ppo_seed3,0,NOOP,0.167835,0.0,0.162568,0,235,951.4740267450245,391.6006088256836,38,0.9637941059313322,2343.947265625,45.432115355888065,0,4,18,0.0,0.0,0.2,0.1,0.2,0.25,0.25,291,1150.3102704383844,317.1248435974121,43,0.8660516073537428,2383.3740234375,46.074228724927885,0,5,19,0.0,0.0,0.25,0.1,0.2,0.2,0.25
226,frozen_mlp_ppo_seed3,1,COMPACT_32KB,-0.156443,-0.045,0.192848,0,291,1150.3102704383844,317.1248435974121,43,0.8660516073537428,2383.3740234375,46.074228724927885,0,5,19,0.0,0.0,0.25,0.1,0.2,0.2,0.25,208,822.5901255078633,172.58286476135254,37,1.0071287412901182,2384.880859375,29.86874853247795,0,0,20,0.0,0.0,0.2,0.1,0.2,0.2,0.3
227,frozen_mlp_ppo_seed3,4,PARTITION_HOUR,0.001348,-0.1,0.178636,0,208,822.5901255078633,172.58286476135254,37,1.0071287412901182,2384.880859375,29.86874853247795,0,0,20,0.0,0.0,0.2,0.1,0.2,0.2,0.3,173,575.4215195073172,276.4925956726074,40,0.9408306121826172,2408.5263671875,32.42307273841034,1,1,0,0.0,0.0,0.2,0.05,0.2,0.25,0.3
228,frozen_mlp_ppo_seed3,0,NOOP,0.167632,-0.049234,0.165039,0,173,575.4215195073172,276.4925956726074,40,0.9408306121826172,2408.5263671875,32.42307273841034,1,1,0,0.0,0.0,0.2,0.05,0.2,0.25,0.3,206,812.4590364946482,184.67354774475098,44,0.8656598871404474,2437.6982421875,34.50068627175119,1,2,1,0.0,0.0,0.2,0.05,0.2,0.2,0.35
229,frozen_mlp_ppo_seed3,0,NOOP,0.151854,-0.048173,0.149078,0,206,812.4590364946482,184.67354774475098,44,0.8656598871404474,2437.6982421875,34.50068627175119,1,2,1,0.0,0.0,0.2,0.05,0.2,0.2,0.35,291,1086.4747404523957,200.03700256347656,49,0.7898927026865433,2477.103515625,35.74269733276202,1,3,2,0.0,0.0,0.2,0.05,0.2,0.2,0.35
230,frozen_mlp_ppo_seed3,0,NOOP,0.14134,-0.035946,0.137805,0,291,1086.4747404523957,200.03700256347656,49,0.7898927026865433,2477.103515625,35.74269733276202,1,3,2,0.0,0.0,0.2,0.05,0.2,0.2,0.35,242,939.6251095820285,545.9849834442139,53,0.7398258425154776,2509.4892578125,36.15885213028889,1,4,3,0.02019787908603914,0.0010098939543019569,0.2,0.05,0.2,0.2,0.35
231,frozen_mlp_ppo_seed3,1,COMPACT_32KB,-0.156568,-0.085798,0.192567,0,242,939.6251095820285,545.9849834442139,53,0.7398258425154776,2509.4892578125,36.15885213028889,1,4,3,0.02019787908603914,0.0010098939543019569,0.2,0.05,0.2,0.2,0.35,215,866.8808068806338,181.66518211364746,38,1.0213956330951892,2484.0341796875,31.29189882210032,1,0,4,0.0,0.0010098939543019569,0.2,0.05,0.2,0.2,0.35
232,frozen_mlp_ppo_seed3,0,NOOP,0.185986,0.381021,0.401368,0,215,866.8808068806338,181.66518211364746,38,1.0213956330951892,2484.0341796875,31.29189882210032,1,0,4,0.0,0.0010098939543019569,0.2,0.05,0.2,0.2,0.35,170,712.3883932808674,532.1249961853027,41,0.9555541247856326,2507.3740234375,33.70881076524741,1,1,5,0.75,0.03850989395430195,0.2,0.05,0.25,0.2,0.3
233,frozen_mlp_ppo_seed3,0,NOOP,0.174221,-0.040909,0.171207,0,170,712.3883932808674,532.1249961853027,41,0.9555541247856326,2507.3740234375,33.70881076524741,1,1,5,0.75,0.03850989395430195,0.2,0.05,0.25,0.2,0.3,169,722.5587669850461,205.70898056030273,44,0.8986074274236505,2530.478515625,35.25286948094547,1,2,6,0.0,0.03850989395430195,0.2,0.05,0.25,0.2,0.3
234,frozen_mlp_ppo_seed3,0,NOOP,0.160634,-0.040975,0.157967,0,169,722.5587669850461,205.70898056030273,44,0.8986074274236505,2530.478515625,35.25286948094547,1,2,6,0.0,0.03850989395430195,0.2,0.05,0.25,0.2,0.3,204,820.8873901142916,193.3283805847168,48,0.8331686655680338,2559.494140625,36.5245528836551,1,3,7,0.0,0.03850989395430195,0.2,0.05,0.25,0.15,0.35
235,frozen_mlp_ppo_seed3,0,NOOP,0.151807,-0.041025,0.14715,0,204,820.8873901142916,193.3283805847168,48,0.8331686655680338,2559.494140625,36.5245528836551,1,3,7,0.0,0.03850989395430195,0.2,0.05,0.25,0.15,0.35,156,623.430421501352,296.59056663513184,51,0.7909097110523897,2581.529296875,37.059095659998555,1,4,8,0.0,0.03850989395430195,0.2,0.1,0.25,0.1,0.35
236,frozen_mlp_ppo_seed3,1,COMPACT_32KB,-0.16108,0.431416,0.462278,0,156,623.430421501352,296.59056663513184,51,0.7909097110523897,2581.529296875,37.059095659998555,1,4,8,0.0,0.03850989395430195,0.2,0.1,0.25,0.1,0.35,188,739.1911026617395,274.2748260498047,41,0.9793183861709223,2569.7314453125,31.47322145977189,1,0,9,0.92,0.08450989395430195,0.25,0.1,0.2,0.1,0.35
237,frozen_mlp_ppo_seed3,0,NOOP,0.175127,-0.04116,0.171061,0,188,739.1911026617395,274.2748260498047,41,0.9793183861709223,2569.7314453125,31.47322145977189,1,0,9,0.92,0.08450989395430195,0.25,0.1,0.2,0.1,0.35,248,771.5842533188836,259.5393657684326,45,0.9037587483723958,2602.8251953125,33.84756519527301,1,1,10,0.0,0.08450989395430195,0.2,0.1,0.2,0.15,0.35
238,frozen_mlp_ppo_seed3,0,NOOP,0.161886,0.476269,0.433187,0,248,771.5842533188836,259.5393657684326,45,0.9037587483723958,2602.8251953125,33.84756519527301,1,1,10,0.0,0.08450989395430195,0.2,0.1,0.2,0.15,0.35,232,920.7338858552436,296.21100425720215,49,0.8400561274314413,2634.416015625,35.2289045502909,1,2,11,0.92,0.13050989395430196,0.2,0.1,0.2,0.15,0.35
239,frozen_mlp_ppo_seed3,0,NOOP,0.14792,-0.041314,0.142174,0,232,920.7338858552436,296.21100425720215,49,0.8400561274314413,2634.416015625,35.2289045502909,1,2,11,0.92,0.13050989395430196,0.2,0.1,0.2,0.15,0.35,278,1056.2652692034187,354.8014163970947,54,0.7733510335286459,2672.701171875,36.13824301543166,1,3,12,0.0,0.13050989395430196,0.2,0.1,0.2,0.2,0.3
240,frozen_mlp_ppo_seed3,0,NOOP,0.140684,-0.041364,0.137614,0,278,1056.2652692034187,354.8014163970947,54,0.7733510335286459,2672.701171875,36.13824301543166,1,3,12,0.0,0.13050989395430196,0.2,0.1,0.2,0.2,0.3,170,715.9448596338501,224.72405433654785,57,0.739044189453125,2696.033203125,36.3914048062723,1,4,13,0.0,0.13050989395430196,0.2,0.1,0.15,0.2,0.35
241,frozen_mlp_ppo_seed3,1,COMPACT_32KB,-0.16751,-0.086412,0.181689,0,170,715.9448596338501,224.72405433654785,57,0.739044189453125,2696.033203125,36.3914048062723,1,4,13,0.0,0.13050989395430196,0.2,0.1,0.15,0.2,0.35,164,700.1364473767245,185.9571933746338,44,0.9490401528098367,2672.4970703125,31.118057446903716,1,0,14,0.0,0.13050989395430196,0.2,0.1,0.15,0.2,0.35
242,frozen_mlp_ppo_seed3,0,NOOP,0.169918,0.476027,0.441085,0,164,700.1364473767245,185.9571933746338,44,0.9490401528098367,2672.4970703125,31.118057446903716,1,0,14,0.0,0.13050989395430196,0.2,0.1,0.15,0.2,0.35,211,613.3574592393659,301.6355037689209,48,0.8795909881591797,2702.103515625,33.28452543831325,1,1,15,0.92,0.17650989395430194,0.25,0.1,0.15,0.15,0.35
243,frozen_mlp_ppo_seed3,0,NOOP,0.157716,-0.041535,0.154918,0,211,613.3574592393659,301.6355037689209,48,0.8795909881591797,2702.103515625,33.28452543831325,1,1,15,0.92,0.17650989395430194,0.25,0.1,0.15,0.15,0.35,219,878.4823601083766,204.8966884613037,52,0.8210807213416467,2732.556640625,34.53313814352039,1,2,16,0.0,0.17650989395430194,0.2,0.1,0.15,0.15,0.4
244,frozen_mlp_ppo_seed3,0,NOOP,0.149851,-0.04159,0.145051,0,219,878.4823601083766,204.8966884613037,52,0.8210807213416467,2732.556640625,34.53313814352039,1,2,16,0.0,0.17650989395430194,0.2,0.1,0.15,0.15,0.4,197,802.6354579506069,308.75587463378906,55,0.7836312033913352,2758.3818359375,35.03856248214726,1,3,17,0.0,0.17650989395430194,0.2,0.1,0.1,0.2,0.4
245,frozen_mlp_ppo_seed3,0,NOOP,0.13808,0.475839,0.408732,0,197,802.6354579506069,308.75587463378906,55,0.7836312033913352,2758.3818359375,35.03856248214726,1,3,17,0.0,0.17650989395430194,0.2,0.1,0.1,0.2,0.4,259,948.1763848969057,342.4112796783447,60,0.7279024759928385,2795.1455078125,35.580341657279746,1,4,18,0.92,0.22250989395430193,0.2,0.1,0.1,0.2,0.4
246,frozen_mlp_ppo_seed3,1,COMPACT_32KB,-0.177098,-0.086707,0.169548,0,259,948.1763848969057,342.4112796783447,60,0.7279024759928385,2795.1455078125,35.580341657279746,1,4,18,0.92,0.22250989395430193,0.2,0.1,0.1,0.2,0.4,168,714.9381818181819,318.589448928833,48,0.9036003748575846,2775.8603515625,31.328358635819157,1,0,19,0.0,0.22250989395430193,0.2,0.15,0.1,0.2,0.35
247,frozen_mlp_ppo_seed3,0,NOOP,0.159291,-0.041781,0.154508,0,168,714.9381818181819,318.589448928833,48,0.9036003748575846,2775.8603515625,31.328358635819157,1,0,19,0.0,0.22250989395430193,0.2,0.15,0.1,0.2,0.35,275,1007.9659675020405,305.4311275482178,53,0.829582358306309,2813.943359375,33.26660730132862,1,1,20,0.0,0.22250989395430193,0.2,0.15,0.1,0.2,0.35
248,frozen_mlp_ppo_seed3,4,PARTITION_HOUR,-0.303275,-0.291823,0.147768,0,275,1007.9659675020405,305.4311275482178,53,0.829582358306309,2813.943359375,33.26660730132862,1,1,20,0.0,0.22250989395430193,0.2,0.15,0.1,0.2,0.35,158,650.5113999000723,245.1028823852539,56,0.7913502284458706,2836.19921875,33.97056100618433,1,2,21,0.0,0.22250989395430193,0.2,0.2,0.1,0.2,0.3
249,frozen_mlp_ppo_seed3,0,NOOP,0.139603,0.475607,0.407834,0,158,650.5113999000723,245.1028823852539,56,0.7913502284458706,2836.19921875,33.97056100618433,1,2,21,0.0,0.22250989395430193,0.2,0.2,0.1,0.2,0.3,269,832.406401220573,464.6940231323242,61,0.7361417676581711,2873.8974609375,34.64086552554457,1,3,22,0.92,0.2685098939543019,0.25,0.2,0.1,0.2,0.25
250,frozen_mlp_ppo_seed3,0,NOOP,0.131634,0.475291,0.401096,0,269,832.406401220573,464.6940231323242,61,0.7361417676581711,2873.8974609375,34.64086552554457,1,3,22,0.92,0.2685098939543019,0.25,0.2,0.1,0.2,0.25,249,910.9836300943884,408.13136100769043,65,0.6987931471604567,2906.9794921875,34.83510171500751,1,4,23,0.92,0.3135,0.3,0.2,0.05,0.2,0.25
251,frozen_mlp_ppo_seed3,3,COMPACT_128KB,-0.1285,-0.055,0.194401,0,249,910.9836300943884,408.13136100769043,65,0.6987931471604567,2906.9794921875,34.83510171500751,1,4,23,0.92,0.3135,0.3,0.2,0.05,0.2,0.25,45,208.6234041847664,139.92857933044434,28,1.5634667532784599,2801.732421875,20.431053369727195,1,0,24,0.0,0.3135,0.3,0.2,0.05,0.2,0.25
252,frozen_mlp_ppo_seed3,0,NOOP,0.196375,0.4125,0.414822,0,45,208.6234041847664,139.92857933044434,28,1.5634667532784599,2801.732421875,20.431053369727195,1,0,24,0.0,0.3135,0.3,0.2,0.05,0.2,0.25,44,211.36746911367382,363.90089988708496,29,1.5131641256398167,2808.4326171875,26.51575780199476,1,1,25,0.75,0.3135,0.3,0.2,0.05,0.2,0.25
253,frozen_mlp_ppo_seed3,0,NOOP,0.19625,0.0,0.19397,0,44,211.36746911367382,363.90089988708496,29,1.5131641256398167,2808.4326171875,26.51575780199476,1,1,25,0.75,0.3135,0.3,0.2,0.05,0.2,0.25,76,376.2262594789177,151.5176296234131,30,1.4675938924153646,2817.7802734375,30.561730430950853,1,2,26,0.0,0.3135,0.3,0.15,0.05,0.2,0.3
254,frozen_mlp_ppo_seed3,0,NOOP,0.196125,0.0,0.193377,0,76,376.2262594789177,151.5176296234131,30,1.4675938924153646,2817.7802734375,30.561730430950853,1,2,26,0.0,0.3135,0.3,0.15,0.05,0.2,0.3,69,347.16353119418255,176.16963386535645,31,1.4246954148815525,2826.595703125,33.71285662652487,1,3,27,0.0,0.3135,0.3,0.2,0.05,0.2,0.25
255,frozen_mlp_ppo_seed3,0,NOOP,0.196,0.0,0.193762,0,69,347.16353119418255,176.16963386535645,31,1.4246954148815525,2826.595703125,33.71285662652487,1,3,27,0.0,0.3135,0.3,0.2,0.05,0.2,0.25,59,292.6506613686221,151.87573432922363,32,1.3840746879577637,2834.5849609375,36.27903083524525,1,4,28,0.0,0.3135,0.3,0.15,0.05,0.2,0.3
256,frozen_mlp_ppo_seed3,3,COMPACT_128KB,-0.1285,0.355375,0.413595,0,59,292.6506613686221,151.87573432922363,32,1.3840746879577637,2834.5849609375,36.27903083524525,1,4,28,0.0,0.3135,0.3,0.15,0.05,0.2,0.3,41,207.6315415181067,430.2685260772705,28,1.5773239135742188,2826.564453125,20.50676920588756,1,0,29,0.75,0.30500000000000005,0.25,0.15,0.1,0.2,0.3
257,frozen_mlp_ppo_seed3,0,NOOP,0.196375,-0.0,0.193216,0,41,207.6315415181067,430.2685260772705,28,1.5773239135742188,2826.564453125,20.50676920588756,1,0,29,0.75,0.30500000000000005,0.25,0.15,0.1,0.2,0.3,63,306.7634783093255,194.1812038421631,29,1.5274247794315732,2834.900390625,26.48153742710532,1,1,30,0.0,0.305,0.25,0.15,0.1,0.2,0.3
258,frozen_mlp_ppo_seed3,0,NOOP,0.19625,0.410375,0.413681,0,63,306.7634783093255,194.1812038421631,29,1.5274247794315732,2834.900390625,26.48153742710532,1,1,30,0.0,0.305,0.25,0.15,0.1,0.2,0.3,66,327.9933174801213,415.940523147583,30,1.4810221354166666,2843.5625,30.686738398050345,1,2,31,0.75,0.2965,0.2,0.15,0.15,0.2,0.3
259,frozen_mlp_ppo_seed3,0,NOOP,0.196125,0.0,0.193474,0,66,327.9933174801213,415.940523147583,30,1.4810221354166666,2843.5625,30.686738398050345,1,2,31,0.75,0.2965,0.2,0.15,0.15,0.2,0.3,39,196.2852617331119,171.32258415222168,31,1.4363669118573588,2849.751953125,34.10994224755168,1,3,32,0.0,0.2965,0.2,0.15,0.15,0.15,0.35
260,frozen_mlp_ppo_seed3,0,NOOP,0.196,0.421875,0.414188,0,39,196.2852617331119,171.32258415222168,31,1.4363669118573588,2849.751953125,34.10994224755168,1,3,32,0.0,0.2965,0.2,0.15,0.15,0.15,0.35,44,195.93974527216128,380.6180953979492,32,1.3947205543518066,2856.3876953125,36.78709098880596,1,4,33,0.75,0.33399999999999996,0.2,0.15,0.2,0.15,0.3
261,frozen_mlp_ppo_seed3,1,COMPACT_32KB,0.180057,-0.045,0.190807,0,44,195.93974527216128,380.6180953979492,32,1.3947205543518066,2856.3876953125,36.78709098880596,1,4,33,0.75,0.33399999999999996,0.2,0.15,0.2,0.15,0.3,55,275.509004420102,234.6665859222412,45,1.0077833387586805,2902.416015625,32.08103934147515,1,0,34,0.0,0.33399999999999996,0.2,0.2,0.2,0.15,0.25
262,frozen_mlp_ppo_seed3,0,NOOP,0.191886,-0.0115,0.188286,0,55,275.509004420102,234.6665859222412,45,1.0077833387586805,2902.416015625,32.08103934147515,1,0,34,0.0,0.33399999999999996,0.2,0.2,0.2,0.15,0.25,45,233.72122656053614,237.4887466430664,46,0.9881804093070652,2909.203125,32.84395921040035,1,1,35,0.0,0.288,0.15,0.25,0.2,0.15,0.25
263,frozen_mlp_ppo_seed3,0,NOOP,0.188081,0.5175,0.45342,0,45,233.72122656053614,237.4887466430664,46,0.9881804093070652,2909.203125,32.84395921040035,1,1,35,0.0,0.288,0.15,0.25,0.2,0.15,0.25,58,286.40881396879365,591.8064117431641,47,0.9697788319689162,2917.0947265625,33.47331977293144,1,2,36,0.92,0.33399999999999996,0.2,0.25,0.2,0.15,0.2
264,frozen_mlp_ppo_seed3,0,NOOP,0.184341,0.421875,0.398719,0,58,286.40881396879365,591.8064117431641,47,0.9697788319689162,2917.0947265625,33.47331977293144,1,2,36,0.92,0.33399999999999996,0.2,0.25,0.2,0.15,0.2,43,151.1865078533461,591.0985469818115,48,0.9517059326171875,2923.640625,34.07112422125177,1,3,37,0.75,0.3715,0.2,0.25,0.25,0.1,0.2
265,frozen_mlp_ppo_seed3,0,NOOP,0.180714,-0.0115,0.176749,0,43,151.1865078533461,591.0985469818115,48,0.9517059326171875,2923.640625,34.07112422125177,1,3,37,0.75,0.3715,0.2,0.25,0.25,0.1,0.2,37,139.5111270529199,259.49692726135254,49,0.9341925796197386,2929.6279296875,34.61526749066929,1,4,38,0.0,0.3255,0.15,0.25,0.25,0.1,0.25
266,frozen_mlp_ppo_seed3,1,COMPACT_32KB,0.562807,-0.045,0.191509,0,37,139.5111270529199,259.49692726135254,49,0.9341925796197386,2929.6279296875,34.61526749066929,1,4,38,0.0,0.3255,0.15,0.25,0.25,0.1,0.25,49,226.99207651782066,209.56659317016602,43,1.059787484102471,2916.53515625,29.154622002915985,1,0,39,0.0,0.3255,0.15,0.2,0.25,0.1,0.3
267,frozen_mlp_ppo_seed3,0,NOOP,0.1945,0.0,0.189826,0,49,226.99207651782066,209.56659317016602,43,1.059787484102471,2916.53515625,29.154622002915985,1,0,39,0.0,0.3255,0.15,0.2,0.25,0.1,0.3,55,260.6497070770413,288.6996269226074,44,1.0384091463955967,2924.16015625,30.209155935113234,1,1,40,0.0,0.3255,0.15,0.2,0.25,0.1,0.3
268,frozen_mlp_ppo_seed3,0,NOOP,0.194375,0.5175,0.46544,0,55,260.6497070770413,288.6996269226074,44,1.0384091463955967,2924.16015625,30.209155935113234,1,1,40,0.0,0.3255,0.15,0.2,0.25,0.1,0.3,72,341.8154949472998,303.0104637145996,45,1.0184967041015625,2933.2705078125,31.06342250290761,1,2,41,0.92,0.3715,0.2,0.15,0.25,0.1,0.3
269,frozen_mlp_ppo_seed3,0,NOOP,0.19396,-0.0115,0.187584,0,72,341.8154949472998,303.0104637145996,45,1.0184967041015625,2933.2705078125,31.06342250290761,1,2,41,0.92,0.3715,0.2,0.15,0.25,0.1,0.3,42,200.1549421557466,376.30558013916016,46,0.9985480930494226,2939.7255859375,31.913520459359958,1,3,42,0.0,0.3255,0.15,0.15,0.25,0.15,0.3
270,frozen_mlp_ppo_seed3,0,NOOP,0.190052,-0.0115,0.187201,0,42,200.1549421557466,376.30558013916016,46,0.9985480930494226,2939.7255859375,31.913520459359958,1,3,42,0.0,0.3255,0.15,0.15,0.25,0.15,0.3,48,233.25176045323417,201.27153396606445,47,0.9796334124625997,2946.7373046875,32.637496201213615,1,4,43,0.0,0.27949999999999997,0.1,0.15,0.25,0.15,0.35
271,frozen_mlp_ppo_seed3,0,NOOP,0.186214,0.421875,0.402247,0,48,233.25176045323417,201.27153396606445,47,0.9796334124625997,2946.7373046875,32.637496201213615,1,4,43,0.0,0.27949999999999997,0.1,0.15,0.25,0.15,0.35,33,163.7448310700102,508.3608627319336,48,0.9610691070556641,2952.404296875,33.32116276341103,1,5,44,0.75,0.317,0.1,0.15,0.3,0.15,0.3
272,frozen_mlp_ppo_seed3,0,NOOP,0.182664,-0.009375,0.179595,0,33,163.7448310700102,508.3608627319336,48,0.9610691070556641,2952.404296875,33.32116276341103,1,5,44,0.75,0.317,0.1,0.15,0.3,0.15,0.3,57,285.26926541847985,214.6763801574707,49,0.9439445028499681,2960.2099609375,33.852998442355045,1,6,45,0.0,0.27949999999999997,0.1,0.15,0.25,0.15,0.35
273,frozen_mlp_ppo_seed3,3,COMPACT_128KB,0.163875,0.366875,0.414288,0,57,285.26926541847985,214.6763801574707,49,0.9439445028499681,2960.2099609375,33.852998442355045,1,6,45,0.0,0.27949999999999997,0.1,0.15,0.25,0.15,0.35,65,320.18490245174263,390.5797004699707,29,1.5647025272764008,2904.087890625,11.942595725354675,1,0,46,0.75,0.317,0.1,0.15,0.3,0.15,0.3
274,frozen_mlp_ppo_seed3,0,NOOP,0.19625,0.0,0.192771,0,65,320.18490245174263,390.5797004699707,29,1.5647025272764008,2904.087890625,11.942595725354675,1,0,46,0.75,0.317,0.1,0.15,0.3,0.15,0.3,44,191.80676870758904,211.43388748168945,30,1.5159556070963542,2910.634765625,20.72926846835444,1,1,47,0.0,0.317,0.1,0.1,0.3,0.2,0.3
275,frozen_mlp_ppo_seed3,0,NOOP,0.196125,0.0,0.192987,0,44,191.80676870758904,211.43388748168945,30,1.5159556070963542,2910.634765625,20.72926846835444,1,1,47,0.0,0.317,0.1,0.1,0.3,0.2,0.3,45,212.46568634624455,195.65939903259277,31,1.4704481555569557,2917.369140625,26.0449097600486,1,2,48,0.0,0.317,0.1,0.15,0.3,0.2,0.25
276,frozen_mlp_ppo_seed3,0,NOOP,0.196,-0.009375,0.191901,0,45,212.46568634624455,195.65939903259277,31,1.4704481555569557,2917.369140625,26.0449097600486,1,2,48,0.0,0.317,0.1,0.15,0.3,0.2,0.25,48,224.08687144588734,244.94457244873047,32,1.427912712097168,2924.365234375,29.893131648106657,1,3,49,0.0,0.27949999999999997,0.1,0.15,0.25,0.25,0.25
277,frozen_mlp_ppo_seed3,0,NOOP,0.195875,0.5175,0.467841,0,48,224.08687144588734,244.94457244873047,32,1.427912712097168,2924.365234375,29.893131648106657,1,3,49,0.0,0.27949999999999997,0.1,0.15,0.25,0.25,0.25,35,168.07777341428815,242.92659759521484,33,1.387385975230824,2930.1591796875,32.97994058642905,1,4,50,0.92,0.3255,0.15,0.15,0.25,0.2,0.25
278,frozen_mlp_ppo_seed3,1,COMPACT_32KB,0.562557,-0.054375,0.191117,0,35,168.07777341428815,242.92659759521484,33,1.387385975230824,2930.1591796875,32.97994058642905,1,4,50,0.92,0.3255,0.15,0.15,0.25,0.2,0.25,33,154.17263829498103,219.15149688720703,45,1.0313669840494792,2970.3369140625,31.165375621208906,1,0,51,0.0,0.288,0.15,0.2,0.2,0.2,0.25
279,frozen_mlp_ppo_seed3,0,NOOP,0.19425,0.0,0.188831,0,33,154.17263829498103,219.15149688720703,45,1.0313669840494792,2970.3369140625,31.165375621208906,1,0,51,0.0,0.288,0.15,0.2,0.2,0.2,0.25,69,323.5582228651989,328.4344673156738,46,1.0119555929432744,2979.197265625,31.948273330446614,1,1,52,0.0,0.288,0.15,0.25,0.2,0.2,0.2
280,frozen_mlp_ppo_seed3,0,NOOP,0.192582,0.4125,0.408755,0,69,323.5582228651989,328.4344673156738,46,1.0119555929432744,2979.197265625,31.948273330446614,1,1,52,0.0,0.288,0.15,0.25,0.2,0.2,0.2,32,150.2733875455267,500.0941753387451,47,0.992284247215758,2984.791015625,32.756648285097974,1,2,53,0.75,0.288,0.15,0.25,0.2,0.2,0.2
281,frozen_mlp_ppo_seed3,0,NOOP,0.188865,0.5175,0.459967,0,32,150.2733875455267,500.0941753387451,47,0.992284247215758,2984.791015625,32.756648285097974,1,2,53,0.75,0.288,0.15,0.25,0.2,0.2,0.2,63,291.88467380174154,304.89182472229004,48,0.9743248621622721,2993.1259765625,33.37037773719952,1,3,54,0.92,0.33399999999999996,0.2,0.2,0.2,0.2,0.2
282,frozen_mlp_ppo_seed3,0,NOOP,0.185349,0.0,0.181817,0,63,291.88467380174154,304.89182472229004,48,0.9743248621622721,2993.1259765625,33.37037773719952,1,3,54,0.92,0.33399999999999996,0.2,0.2,0.2,0.2,0.2,73,340.82989127833395,237.82873153686523,49,0.9573678775709502,3002.3056640625,33.88351776301939,1,4,55,0.0,0.33399999999999996,0.2,0.2,0.2,0.2,0.2
283,frozen_mlp_ppo_seed3,0,NOOP,0.181778,-0.0115,0.177831,0,73,340.82989127833395,237.82873153686523,49,0.9573678775709502,3002.3056640625,33.88351776301939,1,4,55,0.0,0.33399999999999996,0.2,0.2,0.2,0.2,0.2,39,186.93266199119378,259.8593235015869,50,0.94013916015625,3008.4453125,34.43040559897217,1,5,56,0.0,0.288,0.15,0.25,0.2,0.2,0.2
284,frozen_mlp_ppo_seed3,1,COMPACT_32KB,0.180182,-0.054375,0.190104,0,39,186.93266199119378,259.8593235015869,50,0.94013916015625,3008.4453125,34.43040559897217,1,5,56,0.0,0.288,0.15,0.25,0.2,0.2,0.2,51,244.16969896206805,274.810791015625,44,1.0636770075017756,2995.314453125,29.090452124432773,1,0,57,0.0,0.2505,0.15,0.25,0.15,0.25,0.2
285,frozen_mlp_ppo_seed3,0,NOOP,0.194375,0.0,0.191705,0,51,244.16969896206805,274.810791015625,44,1.0636770075017756,2995.314453125,29.090452124432773,1,0,57,0.0,0.2505,0.15,0.25,0.15,0.25,0.2,62,292.54147772079244,189.76283073425293,45,1.0429022894965279,3003.55859375,30.109331073742847,1,1,58,0.0,0.2505,0.15,0.25,0.15,0.25,0.2
286,frozen_mlp_ppo_seed3,0,NOOP,0.19425,0.5175,0.465485,0,62,292.54147772079244,189.76283073425293,45,1.0429022894965279,3003.55859375,30.109331073742847,1,1,58,0.0,0.2505,0.15,0.25,0.15,0.25,0.2,45,156.0880341180586,295.7305908203125,46,1.022516333538553,3010.2880859375,31.060087817814107,1,2,59,0.92,0.2965,0.2,0.25,0.15,0.25,0.15
287,frozen_mlp_ppo_seed3,0,NOOP,0.194125,0.421875,0.410271,0,45,156.0880341180586,295.7305908203125,46,1.022516333538553,3010.2880859375,31.060087817814107,1,2,59,0.92,0.2965,0.2,0.25,0.15,0.25,0.15,35,161.38482527530394,501.43909454345703,47,1.002695935837766,3016.109375,31.927804033911187,1,3,60,0.75,0.33399999999999996,0.2,0.25,0.2,0.2,0.15
288,frozen_mlp_ppo_seed3,0,NOOP,0.190815,0.506,0.461927,0,35,161.38482527530394,501.43909454345703,47,1.002695935837766,3016.109375,31.927804033911187,1,3,60,0.75,0.33399999999999996,0.2,0.25,0.2,0.2,0.15,47,208.48028698094691,304.3937683105469,48,0.9840730031331381,3023.072265625,32.64784782467976,1,4,61,0.92,0.33399999999999996,0.2,0.25,0.2,0.2,0.15
289,frozen_mlp_ppo_seed3,0,NOOP,0.187286,0.0,0.183319,0,47,208.48028698094691,304.3937683105469,48,0.9840730031331381,3023.072265625,32.64784782467976,1,4,61,0.92,0.33399999999999996,0.2,0.25,0.2,0.2,0.15,79,353.0558922558923,259.6409320831299,49,0.9670568972217793,3032.6904296875,33.19321477395372,1,5,62,0.0,0.33399999999999996,0.2,0.3,0.2,0.15,0.15
290,frozen_mlp_ppo_seed3,0,NOOP,0.183723,0.0,0.180896,0,79,353.0558922558923,259.6409320831299,49,0.9670568972217793,3032.6904296875,33.19321477395372,1,5,62,0.0,0.33399999999999996,0.2,0.3,0.2,0.15,0.15,47,220.32058939236794,203.83906364440918,50,0.94986572265625,3039.5703125,33.76136665766031,1,6,63,0.0,0.33399999999999996,0.2,0.3,0.2,0.15,0.15
291,frozen_mlp_ppo_seed3,0,NOOP,0.180339,-0.009375,0.175797,0,47,220.32058939236794,203.83906364440918,50,0.94986572265625,3039.5703125,33.76136665766031,1,6,63,0.0,0.33399999999999996,0.2,0.3,0.2,0.15,0.15,55,251.67874037739801,290.80891609191895,51,0.933567720301011,3047.1650390625,34.24209771779081,1,7,64,0.0,0.2965,0.2,0.3,0.15,0.2,0.15
292,frozen_mlp_ppo_seed3,3,COMPACT_128KB,-0.129,0.4625,0.467801,0,55,251.67874037739801,290.80891609191895,51,0.933567720301011,3047.1650390625,34.24209771779081,1,7,64,0.0,0.2965,0.2,0.3,0.15,0.2,0.15,35,161.8092576977553,249.94254112243652,32,1.461867332458496,2993.904296875,9.262806568375693,1,0,65,0.92,0.34249999999999997,0.25,0.3,0.15,0.2,0.1
293,frozen_mlp_ppo_seed3,0,NOOP,0.195875,0.508125,0.467915,0,35,161.8092576977553,249.94254112243652,32,1.461867332458496,2993.904296875,9.262806568375693,1,0,65,0.92,0.34249999999999997,0.25,0.3,0.15,0.2,0.1,79,363.89536155613445,239.25137519836426,33,1.4221732399680398,3003.6298828125,17.207320678027685,1,1,66,0.92,0.351,0.3,0.3,0.1,0.2,0.1
294,frozen_mlp_ppo_seed3,0,NOOP,0.19575,0.5175,0.467624,0,79,363.89536155613445,239.25137519836426,33,1.4221732399680398,3003.6298828125,17.207320678027685,1,1,66,0.92,0.351,0.3,0.3,0.1,0.2,0.1,39,168.0481036039692,248.77595901489258,34,1.3831791597254135,3009.7978515625,22.335524362024373,1,2,67,0.92,0.39699999999999996,0.35,0.3,0.1,0.15,0.1
295,frozen_mlp_ppo_seed3,0,NOOP,0.195625,0.5175,0.466991,0,39,168.0481036039692,248.77595901489258,34,1.3831791597254135,3009.7978515625,22.335524362024373,1,2,67,0.92,0.39699999999999996,0.35,0.3,0.1,0.15,0.1,35,158.1848901762008,275.4538059234619,35,1.3462511335100447,3015.6025390625,26.071054332366202,1,3,68,0.92,0.44299999999999995,0.4,0.25,0.1,0.15,0.1
296,frozen_mlp_ppo_seed3,0,NOOP,0.1955,0.0,0.191962,0,35,158.1848901762008,275.4538059234619,35,1.3462511335100447,3015.6025390625,26.071054332366202,1,3,68,0.92,0.44299999999999995,0.4,0.25,0.1,0.15,0.1,41,189.53754181385327,221.91405296325684,36,1.3116196526421442,3021.9716796875,28.93319336095497,1,4,69,0.0,0.44299999999999995,0.4,0.25,0.1,0.15,0.1
297,frozen_mlp_ppo_seed3,1,COMPACT_32KB,0.180557,-0.0565,0.192354,0,41,189.53754181385327,221.91405296325684,36,1.3116196526421442,3021.9716796875,28.93319336095497,1,4,69,0.0,0.44299999999999995,0.4,0.25,0.1,0.15,0.1,64,287.131445832491,177.31285095214844,41,1.1594189899723704,3042.3154296875,27.98704460478817,1,0,70,0.0,0.39699999999999996,0.35,0.25,0.1,0.15,0.15
298,frozen_mlp_ppo_seed3,0,NOOP,0.19475,0.0,0.187171,0,64,287.131445832491,177.31285095214844,41,1.1594189899723704,3042.3154296875,27.98704460478817,1,0,70,0.0,0.39699999999999996,0.35,0.25,0.1,0.15,0.15,44,207.5559109491596,431.4603805541992,42,1.1342708042689733,3048.919921875,29.546045714589575,1,1,71,0.0,0.39699999999999996,0.35,0.2,0.1,0.2,0.15
299,frozen_mlp_ppo_seed3,0,NOOP,0.194625,0.0,0.19037,0,44,207.5559109491596,431.4603805541992,42,1.1342708042689733,3048.919921875,29.546045714589575,1,1,71,0.0,0.39699999999999996,0.35,0.2,0.1,0.2,0.15,53,243.0643114486122,266.5071487426758,43,1.1105988968250364,3056.3681640625,30.836322593046123,1,2,72,0.0,0.39699999999999996,0.35,0.15,0.1,0.25,0.15
300,frozen_mlp_ppo_seed3,0,NOOP,0.1945,-0.009375,0.190988,0,53,243.0643114486122,266.5071487426758,43,1.1105988968250364,3056.3681640625,30.836322593046123,1,2,72,0.0,0.39699999999999996,0.35,0.15,0.1,0.25,0.15,67,310.0485210769565,230.58128356933594,44,1.0884604020552202,3065.1044921875,31.89193388973557,1,3,73,0.0,0.3595,0.35,0.15,0.05,0.25,0.2
301,frozen_mlp_ppo_seed3,0,NOOP,0.194375,-0.0115,0.191501,0,67,310.0485210769565,230.58128356933594,44,1.0884604020552202,3065.1044921875,31.89193388973557,1,3,73,0.0,0.3595,0.35,0.15,0.05,0.25,0.2,58,274.462888165822,199.95379447937012,45,1.0670247395833334,3073.03125,32.84314845992464,1,4,74,0.0,0.3135,0.3,0.15,0.05,0.25,0.25
302,frozen_mlp_ppo_seed3,3,COMPACT_128KB,0.1635,0.366875,0.412834,0,58,274.462888165822,199.95379447937012,45,1.0670247395833334,3073.03125,32.84314845992464,1,4,74,0.0,0.3135,0.3,0.15,0.05,0.25,0.25,61,272.1823992238331,448.29607009887695,32,1.4840364456176758,3039.306640625,11.278909337460913,1,0,75,0.75,0.351,0.3,0.1,0.1,0.25,0.25
303,frozen_mlp_ppo_seed3,0,NOOP,0.195875,0.0,0.191979,0,61,272.1823992238331,448.29607009887695,32,1.4840364456176758,3039.306640625,11.278909337460913,1,0,75,0.75,0.351,0.3,0.1,0.1,0.25,0.25,59,257.534567736779,236.06348037719727,33,1.4428461248224431,3047.291015625,18.77685122274405,1,1,76,0.0,0.351,0.3,0.05,0.1,0.3,0.25
304,frozen_mlp_ppo_seed3,0,NOOP,0.19575,0.0,0.191701,0,59,257.534567736779,236.06348037719727,33,1.4428461248224431,3047.291015625,18.77685122274405,1,1,76,0.0,0.351,0.3,0.05,0.1,0.3,0.25,62,235.8344341492037,244.9502944946289,34,1.4041994880227482,3055.5380859375,23.44964159965615,1,2,77,0.0,0.351,0.3,0.05,0.1,0.3,0.25
305,frozen_mlp_ppo_seed3,0,NOOP,0.195625,0.0,0.191512,0,62,235.8344341492037,244.9502944946289,34,1.4041994880227482,3055.5380859375,23.44964159965615,1,2,77,0.0,0.351,0.3,0.05,0.1,0.3,0.25,71,314.8866888084566,249.39894676208496,35,1.368129621233259,3064.6103515625,26.83708258722883,1,3,78,0.0,0.351,0.3,0.05,0.1,0.35,0.2
306,frozen_mlp_ppo_seed3,0,NOOP,0.1955,-0.0115,0.191581,0,71,314.8866888084566,249.39894676208496,35,1.368129621233259,3064.6103515625,26.83708258722883,1,3,78,0.0,0.351,0.3,0.05,0.1,0.35,0.2,41,158.60889840317944,240.92936515808105,36,1.332882775200738,3070.9619140625,29.712649498909148,1,4,79,0.0,0.305,0.25,0.05,0.1,0.4,0.2
307,frozen_mlp_ppo_seed3,1,COMPACT_32KB,0.180432,-0.054375,0.191285,0,41,158.60889840317944,240.92936515808105,36,1.332882775200738,3070.9619140625,29.712649498909148,1,4,79,0.0,0.305,0.25,0.05,0.1,0.4,0.2,80,351.7542092236536,225.7399559020996,42,1.1518914358956474,3096.2841796875,27.46586009001306,1,0,80,0.0,0.26749999999999996,0.25,0.1,0.05,0.4,0.2
308,frozen_mlp_ppo_seed3,0,NOOP,0.194625,-0.0115,0.191126,0,80,351.7542092236536,225.7399559020996,42,1.1518914358956474,3096.2841796875,27.46586009001306,1,0,80,0.0,0.26749999999999996,0.25,0.1,0.05,0.4,0.2,40,184.48259330122497,228.68943214416504,43,1.1273842745049054,3102.5615234375,29.020593432254643,1,1,81,0.0,0.22149999999999997,0.2,0.15,0.05,0.4,0.2
309,frozen_mlp_ppo_seed3,0,NOOP,0.1945,0.0,0.190151,0,40,184.48259330122497,228.68943214416504,43,1.1273842745049054,3102.5615234375,29.020593432254643,1,1,81,0.0,0.22149999999999997,0.2,0.15,0.05,0.4,0.2,42,196.02997411650023,272.4568843841553,44,1.1040534973144531,3109.0146484375,30.343193223321133,1,2,82,0.0,0.22149999999999997,0.2,0.1,0.05,0.45,0.2
310,frozen_mlp_ppo_seed3,4,PARTITION_HOUR,-0.26017,-0.25,0.190441,0,42,196.02997411650023,272.4568843841553,44,1.1040534973144531,3109.0146484375,30.343193223321133,1,2,82,0.0,0.22149999999999997,0.2,0.1,0.05,0.45,0.2,35,164.1945943527596,252.95519828796387,45,1.081535169813368,3114.8212890625,31.515841087578274,1,3,83,0.0,0.22149999999999997,0.2,0.1,0.05,0.5,0.15
311,frozen_mlp_ppo_seed3,4,PARTITION_HOUR,-0.260295,-0.25,0.190006,0,35,164.1945943527596,252.95519828796387,45,1.081535169813368,3114.8212890625,31.515841087578274,1,3,83,0.0,0.22149999999999997,0.2,0.1,0.05,0.5,0.15,34,119.20506958474844,269.7141170501709,46,1.0599716849949048,3120.556640625,32.538999041527134,1,4,84,0.0,0.22149999999999997,0.2,0.1,0.05,0.5,0.15
312,frozen_mlp_ppo_seed3,5,PARTITION_REGION,0.012307,-0.1115,0.189634,0,34,119.20506958474844,269.7141170501709,46,1.0599716849949048,3120.556640625,32.538999041527134,1,4,84,0.0,0.22149999999999997,0.2,0.1,0.05,0.5,0.15,47,222.53310696095076,283.2989692687988,47,1.0397267443068483,3127.498046875,33.386702030988005,2,5,0,0.0,0.1755,0.15,0.1,0.05,0.55,0.15
313,frozen_mlp_ppo_seed3,0,NOOP,0.189903,-0.097993,0.185211,0,47,222.53310696095076,283.2989692687988,47,1.0397267443068483,3127.498046875,33.386702030988005,2,5,0,0.0,0.1755,0.15,0.1,0.05,0.55,0.15,33,134.69315401757476,297.08385467529297,50,0.980762939453125,3138.44140625,35.69441081736407,2,6,1,0.0,0.1295,0.1,0.1,0.05,0.6,0.15
314,frozen_mlp_ppo_seed3,0,NOOP,0.179282,-0.097752,0.174595,0,33,134.69315401757476,297.08385467529297,50,0.980762939453125,3138.44140625,35.69441081736407,2,6,1,0.0,0.1295,0.1,0.1,0.05,0.6,0.15,73,304.96524591208936,300.6017208099365,53,0.9295357758144163,3152.9853515625,37.19225156072157,2,7,2,0.0,0.08349999999999999,0.05,0.1,0.05,0.65,0.15
315,frozen_mlp_ppo_seed3,2,COMPACT_64KB,0.554216,-0.138231,0.190862,0,73,304.96524591208936,300.6017208099365,53,0.9295357758144163,3152.9853515625,37.19225156072157,2,7,2,0.0,0.08349999999999999,0.05,0.1,0.05,0.65,0.15,61,250.02936020092056,261.9059085845947,39,1.2489577073317308,3117.3984375,23.248041504561815,2,0,3,0.0,0.0375,0.0,0.1,0.05,0.7,0.15
316,frozen_mlp_ppo_seed3,0,NOOP,0.19475,-0.076563,0.191033,0,61,250.02936020092056,261.9059085845947,39,1.2489577073317308,3117.3984375,23.248041504561815,2,0,3,0.0,0.0375,0.0,0.1,0.05,0.7,0.15,56,229.32762620384761,238.3289337158203,42,1.1646085466657365,3130.4677734375,29.816472170412325,2,1,4,0.0,0.0375,0.0,0.1,0.05,0.7,0.15
317,frozen_mlp_ppo_seed3,0,NOOP,0.194375,-0.076399,0.186799,0,56,229.32762620384761,238.3289337158203,42,1.1646085466657365,3130.4677734375,29.816472170412325,2,1,4,0.0,0.0375,0.0,0.1,0.05,0.7,0.15,55,224.294549630092,435.0564479827881,45,1.0914496527777777,3143.375,33.79849218718716,2,2,5,0.0,0.0375,0.0,0.1,0.05,0.75,0.1
318,frozen_mlp_ppo_seed3,0,NOOP,0.194,-0.07625,0.189639,0,55,224.294549630092,435.0564479827881,45,1.0914496527777777,3143.375,33.79849218718716,2,2,5,0.0,0.0375,0.0,0.1,0.05,0.75,0.1,50,186.79157726349243,278.0618667602539,48,1.0273056030273438,3155.8828125,36.43657837831217,2,3,6,0.0,0.0375,0.0,0.1,0.05,0.75,0.1
319,frozen_mlp_ppo_seed3,0,NOOP,0.187813,-0.076079,0.182981,0,50,186.79157726349243,278.0618667602539,48,1.0273056030273438,3155.8828125,36.43657837831217,2,3,6,0.0,0.0375,0.0,0.1,0.05,0.75,0.1,58,252.36852686768762,305.35221099853516,51,0.9709421793619791,3169.1552734375,38.21515100642528,2,4,7,0.0,0.0375,0.0,0.1,0.05,0.75,0.1
320,frozen_mlp_ppo_seed3,0,NOOP,0.177494,-0.075863,0.167722,0,58,252.36852686768762,305.35221099853516,51,0.9709421793619791,3169.1552734375,38.21515100642528,2,4,7,0.0,0.0375,0.0,0.1,0.05,0.75,0.1,73,298.92451131812794,556.1206340789795,54,0.921219719780816,3183.7353515625,39.41030626856748,2,5,8,0.0,0.0375,0.0,0.1,0.1,0.75,0.05
321,frozen_mlp_ppo_seed3,1,COMPACT_32KB,0.180432,-0.063681,0.190624,0,73,298.92451131812794,556.1206340789795,54,0.921219719780816,3183.7353515625,39.41030626856748,2,5,8,0.0,0.0375,0.0,0.1,0.1,0.75,0.05,79,332.85819648828846,258.7771415710449,42,1.1737503778366816,3155.041015625,26.58907388833846,2,0,9,0.0,0.0375,0.0,0.1,0.1,0.8,0.0
322,frozen_mlp_ppo_seed3,0,NOOP,0.194375,-0.028056,0.188723,0,79,332.85819648828846,258.7771415710449,42,1.1737503778366816,3155.041015625,26.58907388833846,2,0,9,0.0,0.0375,0.0,0.1,0.1,0.8,0.0,37,157.36944428106995,338.8338088989258,45,1.0994110107421875,3166.3037109375,31.351106600999174,2,1,10,0.0,0.0,0.0,0.1,0.05,0.85,0.0
323,frozen_mlp_ppo_seed3,0,NOOP,0.194,-0.018689,0.191305,0,37,157.36944428106995,338.8338088989258,45,1.0994110107421875,3166.3037109375,31.351106600999174,2,1,10,0.0,0.0,0.0,0.1,0.05,0.85,0.0,63,240.06733194269808,194.73552703857422,48,1.03516419728597,3180.0244140625,34.33960574726174,2,2,11,0.0,0.0,0.0,0.1,0.05,0.8,0.05
324,frozen_mlp_ppo_seed3,0,NOOP,0.18913,-0.018696,0.184436,0,63,240.06733194269808,194.73552703857422,48,1.03516419728597,3180.0244140625,34.33960574726174,2,2,11,0.0,0.0,0.0,0.1,0.05,0.8,0.05,30,126.85013675070644,298.4640598297119,51,0.9775267956303615,3190.6474609375,36.476567048691265,2,3,12,0.0,0.0,0.0,0.1,0.05,0.8,0.05
325,frozen_mlp_ppo_seed3,0,NOOP,0.178675,0.358169,0.37842,0,30,126.85013675070644,298.4640598297119,51,0.9775267956303615,3190.6474609375,36.476567048691265,2,3,12,0.0,0.0,0.0,0.1,0.05,0.8,0.05,61,249.98367721013759,130.27000427246094,54,0.9271251537181713,3204.14453125,37.887937099143095,2,4,13,0.67,0.0335,0.0,0.15,0.05,0.75,0.05
326,frozen_mlp_ppo_seed3,0,NOOP,0.169164,-0.018698,0.16226,0,61,249.98367721013759,130.27000427246094,54,0.9271251537181713,3204.14453125,37.887937099143095,2,4,13,0.67,0.0335,0.0,0.15,0.05,0.75,0.05,38,168.91759913010117,416.473388671875,57,0.8814467045298794,3215.517578125,38.925316790349804,2,5,14,0.0,0.0335,0.05,0.15,0.05,0.7,0.05
327,frozen_mlp_ppo_seed3,3,COMPACT_128KB,0.163,-0.073692,0.186462,0,38,168.91759913010117,416.473388671875,57,0.8814467045298794,3215.517578125,38.925316790349804,2,5,14,0.0,0.0335,0.05,0.15,0.05,0.7,0.05,53,238.977550109922,496.9179630279541,36,1.3721661037868924,3161.470703125,3.5437891014297556,2,0,15,0.0,0.0335,0.05,0.1,0.1,0.7,0.05
328,frozen_mlp_ppo_seed3,0,NOOP,0.195125,-0.018701,0.190701,0,53,238.977550109922,496.9179630279541,36,1.3721661037868924,3161.470703125,3.5437891014297556,2,0,15,0.0,0.0335,0.05,0.1,0.1,0.7,0.05,62,262.36642960413013,269.9620723724365,39,1.2720544277093349,3175.0478515625,22.742433364651426,2,1,16,0.0,0.0335,0.1,0.05,0.1,0.7,0.05
329,frozen_mlp_ppo_seed3,0,NOOP,0.19475,-0.018703,0.188419,0,62,262.36642960413013,269.9620723724365,39,1.2720544277093349,3175.0478515625,22.742433364651426,2,1,16,0.0,0.0335,0.1,0.05,0.1,0.7,0.05,41,169.75322149810768,369.0333366394043,42,1.185534885951451,3186.7177734375,29.7944929993948,2,2,17,0.0,0.0335,0.1,0.05,0.1,0.7,0.05
330,frozen_mlp_ppo_seed3,0,NOOP,0.194375,-0.018693,0.190014,0,41,169.75322149810768,369.0333366394043,42,1.185534885951451,3186.7177734375,29.7944929993948,2,2,17,0.0,0.0335,0.1,0.05,0.1,0.7,0.05,58,245.3749490629602,274.3051052093506,45,1.111093478732639,3199.94921875,33.9439803969263,2,3,18,0.0,0.0335,0.1,0.05,0.1,0.7,0.05
331,frozen_mlp_ppo_seed3,0,NOOP,0.194,-0.018695,0.18944,0,58,245.3749490629602,274.3051052093506,45,1.111093478732639,3199.94921875,33.9439803969263,2,3,18,0.0,0.0335,0.1,0.05,0.1,0.7,0.05,44,177.42078623006233,288.0246639251709,48,1.0455188751220703,3211.833984375,36.721704425686056,2,4,19,0.0,0.0335,0.1,0.05,0.1,0.7,0.05
332,frozen_mlp_ppo_seed3,3,COMPACT_128KB,-0.1295,-0.073679,0.191714,0,44,177.42078623006233,288.0246639251709,48,1.0455188751220703,3211.833984375,36.721704425686056,2,4,19,0.0,0.0335,0.1,0.05,0.1,0.7,0.05,50,214.5687450121754,234.31968688964844,36,1.3816579182942708,3183.33984375,4.4104520509073,2,0,20,0.0,0.0335,0.1,0.05,0.1,0.7,0.05
333,frozen_mlp_ppo_seed3,5,PARTITION_REGION,-0.25942,-0.268696,0.191275,0,50,214.5687450121754,234.31968688964844,36,1.3816579182942708,3183.33984375,4.4104520509073,2,0,20,0.0,0.0335,0.1,0.05,0.1,0.7,0.05,39,166.5175569504024,241.23549461364746,39,1.2799635667067308,3194.7890625,23.23075328494155,2,1,21,0.0,0.0335,0.1,0.05,0.1,0.7,0.05
334,frozen_mlp_ppo_seed3,6,PARTITION_EVENT_TYPE,0.012932,-0.118694,0.19193,0,39,166.5175569504024,241.23549461364746,39,1.2799635667067308,3194.7890625,23.23075328494155,2,1,21,0.0,0.0335,0.1,0.05,0.1,0.7,0.05,30,128.64634633846606,193.47691535949707,42,1.1924932570684523,3205.421875,30.290734319444642,3,2,0,0.0,0.0335,0.1,0.05,0.1,0.65,0.1
335,frozen_mlp_ppo_seed3,0,NOOP,0.194375,-0.056015,0.190668,0,30,128.64634633846606,193.47691535949707,42,1.1924932570684523,3205.421875,30.290734319444642,3,2,0,0.0,0.0335,0.1,0.05,0.1,0.65,0.1,41,162.85551236096578,253.04126739501953,45,1.1170193142361111,3217.015625,34.483470158649325,3,3,1,0.0007626530442266582,0.03353813265221133,0.1,0.05,0.1,0.65,0.1
336,frozen_mlp_ppo_seed3,0,NOOP,0.194,-0.055156,0.190328,0,41,162.85551236096578,253.04126739501953,45,1.1170193142361111,3217.015625,34.483470158649325,3,3,1,0.0007626530442266582,0.03353813265221133,0.1,0.05,0.1,0.65,0.1,65,259.43811040046745,273.1354236602783,48,1.0517034530639648,3230.8330078125,37.16224382296463,3,4,2,0.0019681853453053983,0.033636541919476605,0.1,0.05,0.1,0.65,0.1
337,frozen_mlp_ppo_seed3,3,COMPACT_128KB,0.1645,-0.119879,0.195004,0,65,259.43811040046745,273.1354236602783,48,1.0517034530639648,3230.8330078125,37.16224382296463,3,4,2,0.0019681853453053983,0.033636541919476605,0.1,0.05,0.1,0.65,0.1,63,203.29948767583014,129.78243827819824,24,2.0589942932128906,3162.615234375,61.30764455902341,3,0,3,0.0,0.033636541919476605,0.1,0.05,0.1,0.6,0.15
338,frozen_mlp_ppo_seed3,0,NOOP,0.196625,0.311988,0.396483,0,63,203.29948767583014,129.78243827819824,24,2.0589942932128906,3162.615234375,61.30764455902341,3,0,3,0.0,0.033636541919476605,0.1,0.05,0.1,0.6,0.15,35,140.23069185586107,90.86251258850098,27,1.8365744131582755,3173.6005859375,70.77017268602195,3,1,4,0.67,0.0671365419194766,0.1,0.05,0.1,0.6,0.15
339,frozen_mlp_ppo_seed3,0,NOOP,0.19625,0.311971,0.395852,0,35,140.23069185586107,90.86251258850098,27,1.8365744131582755,3173.6005859375,70.77017268602195,3,1,4,0.67,0.0671365419194766,0.1,0.05,0.1,0.6,0.15,67,266.40625151087977,107.41710662841797,30,1.660179646809896,3187.544921875,75.3468986882967,3,2,5,0.67,0.1006365419194766,0.1,0.05,0.1,0.6,0.15
340,frozen_mlp_ppo_seed3,0,NOOP,0.195875,0.311966,0.395026,0,67,266.40625151087977,107.41710662841797,30,1.660179646809896,3187.544921875,75.3468986882967,3,2,5,0.67,0.1006365419194766,0.1,0.05,0.1,0.6,0.15,33,134.88400594061721,133.71706008911133,33,1.514407995975379,3198.4296875,77.7338169633897,3,3,6,0.67,0.1341365419194766,0.1,0.05,0.05,0.65,0.15
341,frozen_mlp_ppo_seed3,0,NOOP,0.1955,0.311956,0.394427,0,33,134.88400594061721,133.71706008911133,33,1.514407995975379,3198.4296875,77.7338169633897,3,3,6,0.67,0.1341365419194766,0.1,0.05,0.05,0.65,0.15,43,181.30638661054553,148.66113662719727,36,1.3933194478352864,3210.2080078125,78.76678747232299,3,4,7,0.67,0.16763654191947658,0.1,0.05,0.05,0.65,0.15
342,frozen_mlp_ppo_seed3,1,COMPACT_32KB,0.562807,0.292345,0.393254,0,43,181.30638661054553,148.66113662719727,36,1.3933194478352864,3210.2080078125,78.76678747232299,3,4,7,0.67,0.16763654191947658,0.1,0.05,0.05,0.65,0.15,38,159.48897421195412,172.31988906860352,43,1.1771233137263808,3239.443359375,26.352478561130955,3,0,8,0.67,0.2011365419194766,0.1,0.05,0.05,0.65,0.15
343,frozen_mlp_ppo_seed3,0,NOOP,0.19425,-0.039534,0.191797,0,38,159.48897421195412,172.31988906860352,43,1.1771233137263808,3239.443359375,26.352478561130955,3,0,8,0.67,0.2011365419194766,0.1,0.05,0.05,0.65,0.15,45,202.02997957689493,180.1283359527588,46,1.104429825492527,3251.44140625,31.07066472119414,3,1,9,0.0,0.2011365419194766,0.1,0.05,0.05,0.65,0.15
344,frozen_mlp_ppo_seed3,0,NOOP,0.193875,-0.039531,0.190234,0,45,202.02997957689493,180.1283359527588,46,1.104429825492527,3251.44140625,31.07066472119414,3,1,9,0.0,0.2011365419194766,0.1,0.05,0.05,0.65,0.15,55,240.19658311884115,243.29614639282227,49,1.0409362170161034,3264.3759765625,34.111944084080285,3,2,10,0.0,0.2011365419194766,0.1,0.1,0.05,0.6,0.15
345,frozen_mlp_ppo_seed3,0,NOOP,0.190488,0.328971,0.388431,0,55,240.19658311884115,243.29614639282227,49,1.0409362170161034,3264.3759765625,34.111944084080285,3,2,10,0.0,0.2011365419194766,0.1,0.1,0.05,0.6,0.15,62,261.33234178926136,217.85354614257812,52,0.9849381080040565,3277.8740234375,36.18284985603449,3,3,11,0.67,0.2011365419194766,0.1,0.05,0.05,0.65,0.15
346,frozen_mlp_ppo_seed3,0,NOOP,0.180073,0.337342,0.379529,0,62,261.33234178926136,217.85354614257812,52,0.9849381080040565,3277.8740234375,36.18284985603449,3,3,11,0.67,0.2011365419194766,0.1,0.05,0.05,0.65,0.15,51,151.31020325878978,145.94554901123047,55,0.9347395463423296,3290.283203125,37.66674161783183,3,4,12,0.67,0.2346365419194766,0.05,0.05,0.05,0.7,0.15
347,frozen_mlp_ppo_seed3,1,COMPACT_32KB,0.562807,-0.084526,0.189811,0,51,151.31020325878978,145.94554901123047,55,0.9347395463423296,3290.283203125,37.66674161783183,3,4,12,0.67,0.2346365419194766,0.05,0.05,0.05,0.7,0.15,35,149.81063528412872,294.47436332702637,43,1.1850206242051236,3261.1767578125,25.165301401126637,3,0,13,0.0,0.2346365419194766,0.05,0.05,0.0,0.7,0.2
348,frozen_mlp_ppo_seed3,0,NOOP,0.19425,0.337367,0.394384,0,35,149.81063528412872,294.47436332702637,43,1.1850206242051236,3261.1767578125,25.165301401126637,3,0,13,0.0,0.2346365419194766,0.05,0.05,0.0,0.7,0.2,61,217.21462391298257,100.81624984741211,46,1.112323926842731,3274.681640625,30.138291422847637,3,1,14,0.67,0.2681365419194766,0.0,0.05,0.0,0.75,0.2
349,frozen_mlp_ppo_seed3,0,NOOP,0.193875,0.337379,0.394333,0,61,217.21462391298257,100.81624984741211,46,1.112323926842731,3274.681640625,30.138291422847637,3,1,14,0.67,0.2681365419194766,0.0,0.05,0.0,0.75,0.2,51,229.08403015764222,88.36030960083008,49,1.048220887476084,3287.220703125,33.39249576354118,3,2,15,0.67,0.3016365419194766,0.0,0.05,0.0,0.75,0.2
350,frozen_mlp_ppo_seed3,0,NOOP,0.191839,0.33738,0.392141,0,51,229.08403015764222,88.36030960083008,49,1.048220887476084,3287.220703125,33.39249576354118,3,2,15,0.67,0.3016365419194766,0.0,0.05,0.0,0.75,0.2,58,249.47200498801195,99.88284111022949,52,0.9916930565467248,3300.3544921875,35.60272138159983,3,3,16,0.67,0.3351365419194766,0.0,0.05,0.0,0.75,0.2
351,frozen_mlp_ppo_seed3,0,NOOP,0.181506,-0.039484,0.170234,0,58,249.47200498801195,99.88284111022949,52,0.9916930565467248,3300.3544921875,35.60272138159983,3,3,16,0.67,0.3351365419194766,0.0,0.05,0.0,0.75,0.2,80,346.41195587986306,632.3626041412354,55,0.9419050736860796,3315.505859375,37.10162815326587,3,4,17,0.0,0.3351365419194766,0.0,0.05,0.05,0.7,0.2
352,frozen_mlp_ppo_seed3,0,NOOP,0.17228,0.337401,0.372755,0,80,346.41195587986306,632.3626041412354,55,0.9419050736860796,3315.505859375,37.10162815326587,3,4,17,0.0,0.3351365419194766,0.0,0.05,0.05,0.7,0.2,95,388.39290118011496,98.76608848571777,58,0.897650093867861,3332.0771484375,38.13084399347328,3,5,18,0.67,0.36863654191947665,0.0,0.05,0.05,0.7,0.2
353,frozen_mlp_ppo_seed3,0,NOOP,0.163902,0.337404,0.363857,0,95,388.39290118011496,98.76608848571777,58,0.897650093867861,3332.0771484375,38.13084399347328,3,5,18,0.67,0.36863654191947665,0.0,0.05,0.05,0.7,0.2,91,381.0909729918626,128.50499153137207,61,0.857635748190958,3348.2099609375,38.863724970616026,3,6,19,0.67,0.4021365419194766,0.0,0.05,0.05,0.7,0.2
354,frozen_mlp_ppo_seed3,2,COMPACT_64KB,0.553966,0.287423,0.39475,0,91,381.0909729918626,128.50499153137207,61,0.857635748190958,3348.2099609375,38.863724970616026,3,6,19,0.67,0.4021365419194766,0.0,0.05,0.05,0.7,0.2,71,296.7471762263922,107.4981689453125,41,1.256883946860709,3298.0634765625,18.050983359056325,3,0,20,0.67,0.43563654191947665,0.0,0.05,0.05,0.75,0.15
355,frozen_mlp_ppo_seed3,0,NOOP,0.1945,0.33741,0.393139,0,71,296.7471762263922,107.4981689453125,41,1.256883946860709,3298.0634765625,18.050983359056325,3,0,20,0.67,0.43563654191947665,0.0,0.05,0.05,0.75,0.15,72,189.90530702490798,173.06184768676758,44,1.1763191223144531,3312.5146484375,25.98303856305738,3,1,21,0.67,0.4690984092672653,0.0,0.05,0.05,0.75,0.15
356,frozen_mlp_ppo_seed3,0,NOOP,0.194125,-0.039481,0.190975,0,72,189.90530702490798,173.06184768676758,44,1.1763191223144531,3312.5146484375,25.98303856305738,3,1,21,0.67,0.4690984092672653,0.0,0.05,0.05,0.75,0.15,59,251.02268459956807,216.25328063964844,47,1.1056262077169214,3325.7236328125,30.626227027869714,3,2,22,0.0,0.46900000000000003,0.0,0.1,0.05,0.7,0.15
357,frozen_mlp_ppo_seed3,0,NOOP,0.19375,0.337402,0.393827,0,59,251.02268459956807,216.25328063964844,47,1.1056262077169214,3325.7236328125,30.626227027869714,3,2,22,0.0,0.46900000000000003,0.0,0.1,0.05,0.7,0.15,95,392.58811729398576,108.66045951843262,50,1.044437255859375,3342.19921875,33.557774415058866,3,3,23,0.67,0.5025000000000001,0.0,0.1,0.05,0.75,0.1
358,frozen_mlp_ppo_seed3,0,NOOP,0.191219,0.329038,0.389947,0,95,392.58811729398576,108.66045951843262,50,1.044437255859375,3342.19921875,33.557774415058866,3,3,23,0.67,0.5025000000000001,0.0,0.1,0.05,0.75,0.1,59,252.8460163030262,179.85224723815918,53,0.9892224005933078,3355.4423828125,35.6841621733139,3,4,24,0.67,0.5025000000000001,0.0,0.1,0.05,0.75,0.1
359,frozen_mlp_ppo_seed3,0,NOOP,0.180989,0.329044,0.381278,0,59,252.8460163030262,179.85224723815918,53,0.9892224005933078,3355.4423828125,35.6841621733139,3,4,24,0.67,0.5025000000000001,0.0,0.1,0.05,0.75,0.1,59,223.43606810782114,105.55481910705566,56,0.9399463108607701,3368.767578125,37.18724157471513,3,5,25,0.67,0.5025000000000001,0.0,0.1,0.05,0.75,0.1
360,frozen_mlp_ppo_seed3,1,COMPACT_32KB,0.180057,0.284062,0.394567,0,59,223.43606810782114,105.55481910705566,56,0.9399463108607701,3368.767578125,37.18724157471513,3,5,25,0.67,0.5025000000000001,0.0,0.1,0.05,0.75,0.1,74,316.9653530007077,96.6634750366211,45,1.1615519205729166,3345.26953125,26.28432858972893,3,0,26,0.67,0.5025000000000001,0.0,0.1,0.05,0.75,0.1
361,frozen_mlp_ppo_seed3,0,NOOP,0.194,0.32906,0.392677,0,74,316.9653530007077,96.6634750366211,45,1.1615519205729166,3345.26953125,26.28432858972893,3,0,26,0.67,0.5025000000000001,0.0,0.1,0.05,0.75,0.1,90,387.8391754314406,176.12814903259277,48,1.0941880544026692,3361.345703125,30.52553497597492,3,1,27,0.67,0.5025000000000001,0.0,0.1,0.05,0.75,0.1
362,frozen_mlp_ppo_seed3,0,NOOP,0.193625,-0.047809,0.18886,0,90,387.8391754314406,176.12814903259277,48,1.0941880544026692,3361.345703125,30.52553497597492,3,1,27,0.67,0.5025000000000001,0.0,0.1,0.05,0.75,0.1,53,210.55523593658094,302.0133972167969,51,1.0337303012025123,3374.095703125,33.4710599085089,3,2,28,0.0,0.46900000000000003,0.05,0.1,0.05,0.7,0.1
363,frozen_mlp_ppo_seed3,0,NOOP,0.189224,0.337425,0.389417,0,53,210.55523593658094,302.0133972167969,51,1.0337303012025123,3374.095703125,33.4710599085089,3,2,28,0.0,0.46900000000000003,0.05,0.1,0.05,0.7,0.1,50,213.11870573051635,107.87677764892578,54,0.9798713966652199,3386.435546875,35.53648284094196,3,3,29,0.67,0.5025000000000001,0.05,0.1,0.05,0.75,0.05
364,frozen_mlp_ppo_seed3,0,NOOP,0.179219,-0.039441,0.175342,0,50,213.11870573051635,107.87677764892578,54,0.9798713966652199,3386.435546875,35.53648284094196,3,3,29,0.67,0.5025000000000001,0.05,0.1,0.05,0.75,0.05,50,217.88886499246223,265.094518661499,57,0.9317187928316886,3398.91015625,37.003354526709906,3,4,30,0.0,0.5025000000000001,0.05,0.1,0.05,0.75,0.05
365,frozen_mlp_ppo_seed3,0,NOOP,0.170241,0.329064,0.368838,0,50,217.88886499246223,265.094518661499,57,0.9317187928316886,3398.91015625,37.003354526709906,3,4,30,0.0,0.5025000000000001,0.05,0.1,0.05,0.75,0.05,64,257.219157421479,195.15442848205566,60,0.8887034098307292,3412.62109375,38.02847983732136,3,5,31,0.67,0.5025000000000001,0.05,0.1,0.05,0.75,0.05
366,frozen_mlp_ppo_seed3,0,NOOP,0.162175,0.329075,0.360412,0,64,257.219157421479,195.15442848205566,60,0.8887034098307292,3412.62109375,38.02847983732136,3,5,31,0.67,0.5025000000000001,0.05,0.1,0.05,0.75,0.05,84,348.15619527967397,216.86315536499023,63,0.8502480643136161,3428.2001953125,38.722564545854546,3,6,32,0.67,0.5025000000000001,0.05,0.1,0.05,0.75,0.05
367,frozen_mlp_ppo_seed3,3,COMPACT_128KB,0.162875,0.282465,0.394549,0,84,348.15619527967397,216.86315536499023,63,0.8502480643136161,3428.2001953125,38.722564545854546,3,6,32,0.67,0.5025000000000001,0.05,0.1,0.05,0.75,0.05,74,313.0143901797033,137.56942749023438,37,1.4195709228515625,3361.5439453125,15.399154783148978,3,0,33,0.67,0.536,0.05,0.1,0.05,0.8,0.0
368,frozen_mlp_ppo_seed3,0,NOOP,0.195,0.329096,0.395112,0,74,313.0143901797033,137.56942749023438,37,1.4195709228515625,3361.5439453125,15.399154783148978,3,0,33,0.67,0.536,0.05,0.1,0.05,0.8,0.0,81,274.03093769711126,94.42472457885742,40,1.3190696716308594,3376.818359375,27.248351761292472,3,1,34,0.67,0.536,0.05,0.1,0.05,0.8,0.0
369,frozen_mlp_ppo_seed3,0,NOOP,0.194625,-0.047777,0.186797,0,81,274.03093769711126,94.42472457885742,40,1.3190696716308594,3376.818359375,27.248351761292472,3,1,34,0.67,0.536,0.05,0.1,0.05,0.8,0.0,58,235.86328886630903,445.12939453125,43,1.2318292662154797,3389.994140625,33.39340668812202,3,2,35,0.0,0.5025000000000001,0.05,0.1,0.1,0.75,0.0
370,frozen_mlp_ppo_seed3,0,NOOP,0.19425,0.329105,0.39472,0,58,235.86328886630903,445.12939453125,43,1.2318292662154797,3389.994140625,33.39340668812202,3,2,35,0.0,0.5025000000000001,0.05,0.1,0.1,0.75,0.0,60,260.64339992563646,83.99438858032227,46,1.1560406892195991,3403.3837890625,37.22368398905224,3,3,36,0.67,0.5025000000000001,0.05,0.1,0.1,0.75,0.0
371,frozen_mlp_ppo_seed3,0,NOOP,0.193875,-0.039382,0.190444,0,60,260.64339992563646,83.99438858032227,46,1.1560406892195991,3403.3837890625,37.22368398905224,3,3,36,0.67,0.5025000000000001,0.05,0.1,0.1,0.75,0.0,55,235.91024463674685,232.79762268066406,49,1.0893772670200892,3416.287109375,39.799541737503674,3,4,37,0.0,0.5025000000000001,0.05,0.15,0.05,0.75,0.0
372,frozen_mlp_ppo_seed3,3,COMPACT_128KB,0.162875,-0.102765,0.193115,0,55,235.91024463674685,232.79762268066406,49,1.0893772670200892,3416.287109375,39.799541737503674,3,4,37,0.0,0.5025000000000001,0.05,0.15,0.05,0.75,0.0,56,241.7137893987231,159.24406051635742,37,1.4299196810335726,3386.0498046875,15.51543289401165,3,0,38,0.0,0.46900000000000003,0.05,0.15,0.05,0.7,0.05
373,frozen_mlp_ppo_seed3,0,NOOP,0.195,-0.047763,0.188011,0,56,241.7137893987231,159.24406051635742,37,1.4299196810335726,3386.0498046875,15.51543289401165,3,0,38,0.0,0.46900000000000003,0.05,0.15,0.05,0.7,0.05,60,258.4436787865406,399.4596004486084,40,1.3279067993164062,3399.44140625,27.596277058426097,3,1,39,0.0,0.43550000000000005,0.1,0.15,0.05,0.65,0.05
374,frozen_mlp_ppo_seed3,0,NOOP,0.194625,0.329126,0.393347,0,60,258.4436787865406,399.4596004486084,40,1.3279067993164062,3399.44140625,27.596277058426097,3,1,39,0.0,0.43550000000000005,0.1,0.15,0.05,0.65,0.05,70,293.57779377649786,167.66071319580078,43,1.2404380620912063,3413.685546875,33.69072453096025,3,2,40,0.67,0.43550000000000005,0.1,0.15,0.05,0.65,0.05
375,frozen_mlp_ppo_seed3,0,NOOP,0.19425,0.329122,0.394425,0,70,293.57779377649786,167.66071319580078,43,1.2404380620912063,3413.685546875,33.69072453096025,3,2,40,0.67,0.43550000000000005,0.1,0.15,0.05,0.65,0.05,63,267.7928890879738,98.7691879272461,46,1.1641523941703464,3427.2646484375,37.53420514800475,3,3,41,0.67,0.43550000000000005,0.1,0.15,0.05,0.65,0.05
376,frozen_mlp_ppo_seed3,0,NOOP,0.193875,0.337514,0.392725,0,63,267.7928890879738,98.7691879272461,46,1.1641523941703464,3427.2646484375,37.53420514800475,3,3,41,0.67,0.43550000000000005,0.1,0.15,0.05,0.65,0.05,84,340.42273996983437,168.7312126159668,49,1.0978268993144134,3442.78515625,40.03708401770345,3,4,42,0.67,0.46900000000000003,0.1,0.1,0.05,0.7,0.05
377,frozen_mlp_ppo_seed3,0,NOOP,0.1935,0.329139,0.392447,0,84,340.42273996983437,168.7312126159668,49,1.0978268993144134,3442.78515625,40.03708401770345,3,4,42,0.67,0.46900000000000003,0.1,0.1,0.05,0.7,0.05,77,316.8484508379828,167.65260696411133,52,1.0389841519869292,3457.7392578125,41.77395027526036,3,5,43,0.67,0.46900000000000003,0.1,0.1,0.05,0.7,0.05
378,frozen_mlp_ppo_seed3,2,COMPACT_64KB,0.553966,0.279128,0.395283,0,77,316.8484508379828,167.65260696411133,52,1.0389841519869292,3457.7392578125,41.77395027526036,3,5,43,0.67,0.46900000000000003,0.1,0.1,0.05,0.7,0.05,72,310.7240297523076,80.86967468261719,41,1.3087954637480945,3434.279296875,20.810188070553902,3,0,44,0.67,0.46900000000000003,0.1,0.1,0.05,0.7,0.05
379,frozen_mlp_ppo_seed3,0,NOOP,0.1945,0.32912,0.394992,0,72,310.7240297523076,80.86967468261719,41,1.3087954637480945,3434.279296875,20.810188070553902,3,0,44,0.67,0.46900000000000003,0.1,0.1,0.05,0.7,0.05,84,352.13314476754937,80.3983211517334,44,1.225085518576882,3449.8408203125,28.36498513698792,3,1,45,0.67,0.46900000000000003,0.1,0.1,0.05,0.7,0.05
380,frozen_mlp_ppo_seed3,0,NOOP,0.194125,-0.047761,0.191451,0,84,352.13314476754937,80.3983211517334,44,1.225085518576882,3449.8408203125,28.36498513698792,3,1,45,0.67,0.46900000000000003,0.1,0.1,0.05,0.7,0.05,99,437.1122529219867,192.43717193603516,47,1.1524700408286237,3466.6298828125,32.80483511017722,3,2,46,0.0,0.43550000000000005,0.1,0.1,0.05,0.65,0.1
381,frozen_mlp_ppo_seed3,0,NOOP,0.19375,0.329127,0.393893,0,99,437.1122529219867,192.43717193603516,47,1.1524700408286237,3466.6298828125,32.80483511017722,3,2,46,0.0,0.43550000000000005,0.1,0.1,0.05,0.65,0.1,51,159.24072867821178,105.32832145690918,50,1.0872332763671875,3479.146484375,35.90267090929598,3,3,47,0.67,0.43550000000000005,0.1,0.1,0.05,0.65,0.1
382,frozen_mlp_ppo_seed3,0,NOOP,0.193375,-0.03938,0.188333,0,51,159.24072867821178,105.32832145690918,50,1.0872332763671875,3479.146484375,35.90267090929598,3,3,47,0.67,0.43550000000000005,0.1,0.1,0.05,0.65,0.1,89,369.4504023650016,318.35412979125977,53,1.0304248737839032,3495.201171875,37.94049263492882,3,4,48,0.0,0.43550000000000005,0.1,0.1,0.05,0.65,0.1
383,frozen_mlp_ppo_seed3,3,COMPACT_128KB,0.16275,-0.102746,0.192346,0,89,369.4504023650016,318.35412979125977,53,1.0304248737839032,3495.201171875,37.94049263492882,3,4,48,0.0,0.43550000000000005,0.1,0.1,0.05,0.65,0.1,81,334.7442399400938,192.67702102661133,38,1.4230037488435443,3460.7451171875,13.496792129551494,3,0,49,0.0,0.402,0.1,0.15,0.05,0.6,0.1
384,frozen_mlp_ppo_seed3,0,NOOP,0.194875,0.337505,0.3949,0,81,334.7442399400938,192.67702102661133,38,1.4230037488435443,3460.7451171875,13.496792129551494,3,0,49,0.0,0.402,0.1,0.15,0.05,0.6,0.1,74,301.32137801949017,100.00205039978027,41,1.3244558194788492,3475.3720703125,26.17608160673244,3,1,50,0.67,0.43550000000000005,0.1,0.1,0.05,0.65,0.1
385,frozen_mlp_ppo_seed3,0,NOOP,0.1945,0.329127,0.392373,0,74,301.32137801949017,100.00205039978027,41,1.3244558194788492,3475.3720703125,26.17608160673244,3,1,50,0.67,0.43550000000000005,0.1,0.1,0.05,0.65,0.1,63,217.86202956097168,211.3666534423828,44,1.238981767134233,3488.97265625,32.49678196120809,3,2,51,0.67,0.43550000000000005,0.1,0.1,0.05,0.65,0.1
386,frozen_mlp_ppo_seed3,0,NOOP,0.194125,0.329136,0.392976,0,63,217.86202956097168,211.3666534423828,44,1.238981767134233,3488.97265625,32.49678196120809,3,2,51,0.67,0.43550000000000005,0.1,0.1,0.05,0.65,0.1,89,332.4925613091882,166.17798805236816,47,1.1652435952044549,3505.052734375,36.34767519561076,3,3,52,0.67,0.43550000000000005,0.1,0.1,0.05,0.65,0.1
387,frozen_mlp_ppo_seed3,0,NOOP,0.19375,-0.047735,0.184444,0,89,332.4925613091882,166.17798805236816,47,1.1652435952044549,3505.052734375,36.34767519561076,3,3,52,0.67,0.43550000000000005,0.1,0.1,0.05,0.65,0.1,75,313.30984800270113,527.7976989746094,50,1.0999118041992189,3519.7177734375,38.986355861479225,3,4,53,0.0,0.402,0.1,0.1,0.1,0.6,0.1
388,frozen_mlp_ppo_seed3,0,NOOP,0.193375,0.329135,0.393312,0,75,313.30984800270113,527.7976989746094,50,1.0999118041992189,3519.7177734375,38.986355861479225,3,4,53,0.0,0.402,0.1,0.1,0.1,0.6,0.1,54,214.6542349428991,119.3840503692627,53,1.0414181115492336,3532.490234375,40.87083083307012,3,5,54,0.67,0.402,0.1,0.1,0.1,0.6,0.1
389,frozen_mlp_ppo_seed3,0,NOOP,0.190877,-0.039379,0.186604,0,54,214.6542349428991,119.3840503692627,53,1.0414181115492336,3532.490234375,40.87083083307012,3,5,54,0.67,0.402,0.1,0.1,0.1,0.6,0.1,62,265.4384334604486,283.6325168609619,56,0.9893831525530133,3545.94921875,42.17799511579132,3,6,55,0.0,0.402,0.1,0.15,0.05,0.6,0.1
390,frozen_mlp_ppo_seed3,1,COMPACT_32KB,0.177157,0.284129,0.390005,0,62,265.4384334604486,283.6325168609619,56,0.9893831525530133,3545.94921875,42.17799511579132,3,6,55,0.0,0.402,0.1,0.15,0.05,0.6,0.1,91,372.60973478713754,193.53008270263672,56,0.9923768724714007,3556.6787109375,34.51217126157594,3,0,56,0.67,0.402,0.1,0.15,0.05,0.6,0.1
391,frozen_mlp_ppo_seed3,0,NOOP,0.181749,0.337513,0.381345,0,91,372.60973478713754,193.53008270263672,56,0.9923768724714007,3556.6787109375,34.51217126157594,3,0,56,0.67,0.402,0.1,0.15,0.05,0.6,0.1,67,283.8517764323477,143.9661979675293,59,0.9456223310050318,3570.669921875,36.049969486465685,3,1,57,0.67,0.43550000000000005,0.1,0.1,0.05,0.65,0.1
392,frozen_mlp_ppo_seed3,0,NOOP,0.172915,-0.039368,0.169991,0,67,283.8517764323477,143.9661979675293,59,0.9456223310050318,3570.669921875,36.049969486465685,3,1,57,0.67,0.43550000000000005,0.1,0.1,0.05,0.65,0.1,65,257.16586236430936,223.70457649230957,62,0.9033252346900201,3584.39453125,37.17939736191261,3,2,58,0.0,0.43550000000000005,0.1,0.1,0.05,0.65,0.1
393,frozen_mlp_ppo_seed3,0,NOOP,0.164863,-0.039367,0.159209,0,65,257.16586236430936,223.70457649230957,62,0.9033252346900201,3584.39453125,37.17939736191261,3,2,58,0.0,0.43550000000000005,0.1,0.1,0.05,0.65,0.1,65,271.9021498470094,363.9836311340332,65,0.864941875751202,3598.158203125,38.00379941894482,3,3,59,0.0,0.43550000000000005,0.1,0.1,0.05,0.65,0.1
394,frozen_mlp_ppo_seed3,0,NOOP,0.157633,0.329139,0.356096,0,65,271.9021498470094,363.9836311340332,65,0.864941875751202,3598.158203125,38.00379941894482,3,3,59,0.0,0.43550000000000005,0.1,0.1,0.05,0.65,0.1,99,345.63375329622033,211.87615394592285,68,0.8306655883789062,3615.056640625,38.54432334458424,3,4,60,0.67,0.43550000000000005,0.1,0.1,0.05,0.65,0.1
395,frozen_mlp_ppo_seed3,3,COMPACT_128KB,0.16275,-0.102729,0.191076,0,99,345.63375329622033,211.87615394592285,68,0.8306655883789062,3615.056640625,38.54432334458424,3,4,60,0.67,0.43550000000000005,0.1,0.1,0.05,0.65,0.1,67,268.5703985954973,256.18863105773926,38,1.4536313508686267,3535.2314453125,11.057726988157134,3,0,61,0.0,0.402,0.15,0.1,0.05,0.6,0.1
396,frozen_mlp_ppo_seed3,0,NOOP,0.194875,0.329165,0.392416,0,67,268.5703985954973,256.18863105773926,38,1.4536313508686267,3535.2314453125,11.057726988157134,3,0,61,0.0,0.402,0.15,0.1,0.05,0.6,0.1,99,417.666917459615,224.19023513793945,41,1.353725898556593,3552.1767578125,25.380435384498647,3,1,62,0.67,0.402,0.15,0.1,0.05,0.6,0.1
397,frozen_mlp_ppo_seed3,0,NOOP,0.1945,0.329164,0.39463,0,99,417.666917459615,224.19023513793945,41,1.353725898556593,3552.1767578125,25.380435384498647,3,1,62,0.67,0.402,0.15,0.1,0.05,0.6,0.1,89,330.77374495478693,98.49023818969727,44,1.2671335393732244,3568.248046875,32.0788419700169,3,2,63,0.67,0.402,0.15,0.1,0.05,0.6,0.1
398,frozen_mlp_ppo_seed3,0,NOOP,0.194125,-0.047726,0.190672,0,89,330.77374495478693,98.49023818969727,44,1.2671335393732244,3568.248046875,32.0788419700169,3,2,63,0.67,0.402,0.15,0.1,0.05,0.6,0.1,64,268.86214021652364,231.4131259918213,47,1.1907420056931517,3581.751953125,36.33696362440554,3,3,64,0.0,0.36850000000000005,0.15,0.15,0.05,0.55,0.1
399,frozen_mlp_ppo_seed3,0,NOOP,0.19375,-0.047713,0.183703,0,64,268.86214021652364,231.4131259918213,47,1.1907420056931517,3581.751953125,36.33696362440554,3,3,64,0.0,0.36850000000000005,0.15,0.15,0.05,0.55,0.1,59,245.6644439480803,564.8598670959473,50,1.1234463500976561,3595.0283203125,39.19381014413554,3,4,65,0.0,0.335,0.15,0.15,0.1,0.5,0.1
400,frozen_mlp_ppo_seed3,3,COMPACT_128KB,0.16275,0.28254,0.39529,0,59,245.6644439480803,564.8598670959473,50,1.1234463500976561,3595.0283203125,39.19381014413554,3,4,65,0.0,0.335,0.15,0.15,0.1,0.5,0.1,53,215.55699800149912,95.51239013671875,38,1.466332285027755,3566.1201171875,11.089353690829084,3,0,66,0.67,0.36850000000000005,0.15,0.15,0.1,0.55,0.05
401,frozen_mlp_ppo_seed3,0,NOOP,0.194875,-0.047716,0.192411,0,53,215.55699800149912,95.51239013671875,38,1.466332285027755,3566.1201171875,11.089353690829084,3,0,66,0.67,0.36850000000000005,0.15,0.15,0.1,0.55,0.05,69,279.4550236961333,174.46637153625488,41,1.3644048179068216,3580.1982421875,25.816578918014528,3,1,67,0.0,0.3350000000000001,0.15,0.15,0.1,0.5,0.1
402,frozen_mlp_ppo_seed3,0,NOOP,0.1945,-0.039342,0.190989,0,69,279.4550236961333,174.46637153625488,41,1.3644048179068216,3580.1982421875,25.816578918014528,3,1,67,0.0,0.3350000000000001,0.15,0.15,0.1,0.5,0.1,81,309.04012334729634,230.55577278137207,44,1.2767677307128906,3595.3779296875,32.560572319268225,3,2,68,0.0,0.3350000000000001,0.1,0.2,0.1,0.5,0.1
403,frozen_mlp_ppo_seed3,0,NOOP,0.194125,0.337531,0.394309,0,81,309.04012334729634,230.55577278137207,44,1.2767677307128906,3595.3779296875,32.560572319268225,3,2,68,0.0,0.3350000000000001,0.1,0.2,0.1,0.5,0.1,63,197.2712953748504,99.57098960876465,47,1.199793389502992,3608.978515625,36.80877871976382,3,3,69,0.67,0.36850000000000005,0.1,0.15,0.1,0.55,0.1
404,frozen_mlp_ppo_seed3,0,NOOP,0.19375,-0.047698,0.19091,0,63,197.2712953748504,99.57098960876465,47,1.199793389502992,3608.978515625,36.80877871976382,3,3,69,0.67,0.36850000000000005,0.1,0.15,0.1,0.55,0.1,90,376.32789375932754,204.52308654785156,50,1.1328323364257813,3625.0634765625,39.56890598520044,3,4,70,0.0,0.3350000000000001,0.1,0.15,0.1,0.5,0.15
405,frozen_mlp_ppo_seed3,1,COMPACT_32KB,0.178682,-0.092688,0.190483,0,90,376.32789375932754,204.52308654785156,50,1.1328323364257813,3625.0634765625,39.56890598520044,3,4,70,0.0,0.3350000000000001,0.1,0.15,0.1,0.5,0.15,99,417.7707109030488,195.84941864013672,56,1.0192421504429408,3652.9638671875,34.88934463441862,3,0,71,0.0,0.30150000000000005,0.1,0.15,0.1,0.45,0.2
406,frozen_mlp_ppo_seed3,0,NOOP,0.186779,-0.047701,0.18388,0,99,417.7707109030488,195.84941864013672,56,1.0192421504429408,3652.9638671875,34.88934463441862,3,0,71,0.0,0.30150000000000005,0.1,0.15,0.1,0.45,0.2,53,223.04173313828304,218.69182586669922,59,0.9707698498742056,3665.626953125,36.56741625273834,3,1,72,0.0,0.268,0.1,0.15,0.1,0.4,0.25
407,frozen_mlp_ppo_seed3,0,NOOP,0.177658,-0.039333,0.174512,0,53,223.04173313828304,218.69182586669922,59,0.9707698498742056,3665.626953125,36.56741625273834,3,1,72,0.0,0.268,0.1,0.15,0.1,0.4,0.25,55,229.4550055303133,234.80701446533203,62,0.9270396078786542,3678.4931640625,37.790153619964244,3,2,73,0.0,0.26800000000000007,0.1,0.15,0.05,0.4,0.3
408,frozen_mlp_ppo_seed3,0,NOOP,0.169535,0.329182,0.367065,0,55,229.4550055303133,234.80701446533203,62,0.9270396078786542,3678.4931640625,37.790153619964244,3,2,73,0.0,0.26800000000000007,0.1,0.15,0.05,0.4,0.3,99,405.05306202079714,254.75287437438965,65,0.8882990910456731,3695.32421875,38.60525921627774,3,3,74,0.67,0.268,0.1,0.15,0.05,0.4,0.3
409,frozen_mlp_ppo_seed3,0,NOOP,0.161892,-0.039329,0.157347,0,99,405.05306202079714,254.75287437438965,65,0.8882990910456731,3695.32421875,38.60525921627774,3,3,74,0.67,0.268,0.1,0.15,0.05,0.4,0.3,50,161.91873303335115,312.2580051422119,68,0.8519585553337546,3707.7236328125,39.2769625658929,3,4,75,0.0,0.268,0.1,0.1,0.05,0.4,0.35
410,frozen_mlp_ppo_seed3,0,NOOP,0.155063,0.329187,0.355541,0,50,161.91873303335115,312.2580051422119,68,0.8519585553337546,3707.7236328125,39.2769625658929,3,4,75,0.0,0.268,0.1,0.1,0.05,0.4,0.35,99,401.51473156354734,114.86053466796875,71,0.8196888238611356,3724.666015625,39.68372024917589,3,5,76,0.67,0.268,0.1,0.1,0.05,0.4,0.35
411,frozen_mlp_ppo_seed3,0,NOOP,0.148569,-0.047698,0.145184,0,99,401.51473156354734,114.86053466796875,71,0.8196888238611356,3724.666015625,39.68372024917589,3,5,76,0.67,0.268,0.1,0.1,0.05,0.4,0.35,51,207.22544720054637,261.7607116699219,74,0.789094048577386,3737.1494140625,40.02686914355392,3,6,77,0.0,0.23450000000000001,0.1,0.1,0.05,0.35,0.4
412,frozen_mlp_ppo_seed3,1,COMPACT_32KB,0.179432,-0.084336,0.190711,0,51,207.22544720054637,261.7607116699219,74,0.789094048577386,3737.1494140625,40.02686914355392,3,6,77,0.0,0.23450000000000001,0.1,0.1,0.05,0.35,0.4,68,277.63733725305053,214.46585655212402,50,1.149169921875,3677.34375,27.455832992488435,3,0,78,0.0,0.23450000000000001,0.1,0.15,0.05,0.35,0.35
413,frozen_mlp_ppo_seed3,6,PARTITION_EVENT_TYPE,-0.26117,-0.289346,0.184644,0,68,277.63733725305053,214.46585655212402,50,1.149169921875,3677.34375,27.455832992488435,3,0,78,0.0,0.23450000000000001,0.1,0.15,0.05,0.35,0.35,67,282.19058770131124,502.79736518859863,53,1.0882381223282724,3691.3037109375,31.12647024154638,3,1,79,0.0,0.23450000000000001,0.05,0.15,0.1,0.35,0.35
414,frozen_mlp_ppo_seed3,7,REMOVE_PARTITION,0.129364,-0.082727,0.18916,0,67,282.19058770131124,502.79736518859863,53,1.0882381223282724,3691.3037109375,31.12647024154638,3,1,79,0.0,0.23450000000000001,0.05,0.15,0.1,0.35,0.35,78,328.9441815148965,262.0058059692383,56,1.0341224670410156,3706.294921875,33.64506473682993,0,2,0,0.0,0.201,0.05,0.15,0.1,0.35,0.35
415,frozen_mlp_ppo_seed3,0,NOOP,0.192875,-0.053612,0.189428,0,78,328.9441815148965,262.0058059692383,56,1.0341224670410156,3706.294921875,33.64506473682993,0,2,0,0.0,0.201,0.05,0.15,0.1,0.35,0.35,92,396.29740074745587,243.61205101013184,57,1.0189599823533444,3717.166015625,34.13871262810932,0,3,1,0.0,0.201,0.0,0.15,0.1,0.35,0.4
416,frozen_mlp_ppo_seed3,0,NOOP,0.19275,-0.061802,0.191707,0,92,396.29740074745587,243.61205101013184,57,1.0189599823533444,3717.166015625,34.13871262810932,0,3,1,0.0,0.201,0.0,0.15,0.1,0.35,0.4,77,326.71668963061427,124.64189529418945,58,1.003930716679014,3726.5908203125,34.62176714088145,0,4,2,0.0,0.16750000000000004,0.0,0.15,0.1,0.35,0.4
417,frozen_mlp_ppo_seed3,0,NOOP,0.190599,-0.061573,0.187541,0,77,326.71668963061427,124.64189529418945,58,1.003930716679014,3726.5908203125,34.62176714088145,0,4,2,0.0,0.16750000000000004,0.0,0.15,0.1,0.35,0.4,96,374.2001288059797,226.65047645568848,59,0.989871784792108,3737.755859375,35.01093890497571,0,5,3,0.0,0.134,0.0,0.15,0.1,0.3,0.45
418,frozen_mlp_ppo_seed3,3,COMPACT_128KB,0.162625,-0.055,0.193155,0,96,374.2001288059797,226.65047645568848,59,0.989871784792108,3737.755859375,35.01093890497571,0,5,3,0.0,0.134,0.0,0.15,0.1,0.3,0.45,75,309.86441028570863,147.24063873291016,39,1.4767866868239183,3686.0595703125,13.124017492541574,0,0,4,0.0,0.134,0.0,0.1,0.1,0.3,0.5
419,frozen_mlp_ppo_seed3,0,NOOP,0.195,0.0,0.192811,0,75,309.86441028570863,147.24063873291016,39,1.4767866868239183,3686.0595703125,13.124017492541574,0,0,4,0.0,0.134,0.0,0.1,0.1,0.3,0.5,89,384.96162790337934,159.43217277526855,40,1.444007110595703,3696.658203125,18.543721587625882,0,1,5,0.0,0.134,0.0,0.1,0.05,0.3,0.55
420,frozen_mlp_ppo_seed3,0,NOOP,0.194875,-0.008375,0.192656,0,89,384.96162790337934,159.43217277526855,40,1.444007110595703,3696.658203125,18.543721587625882,0,1,5,0.0,0.134,0.0,0.1,0.05,0.3,0.55,50,223.86073605028122,162.20831871032715,41,1.4115202368759527,3703.8291015625,22.63872820238897,0,2,6,0.0,0.1005,0.0,0.1,0.05,0.25,0.6
421,frozen_mlp_ppo_seed3,0,NOOP,0.19475,0.0,0.18862,0,50,223.86073605028122,162.20831871032715,41,1.4115202368759527,3703.8291015625,22.63872820238897,0,2,6,0.0,0.1005,0.0,0.1,0.05,0.25,0.6,55,244.12584792846184,359.00187492370605,42,1.380752926781064,3711.4638671875,25.746104974921007,0,3,7,0.0,0.1005,0.0,0.15,0.05,0.25,0.55
422,frozen_mlp_ppo_seed3,0,NOOP,0.194625,0.0,0.192367,0,55,244.12584792846184,359.00187492370605,42,1.380752926781064,3711.4638671875,25.746104974921007,0,3,7,0.0,0.1005,0.0,0.15,0.05,0.25,0.55,61,273.2909673346571,166.64862632751465,43,1.3516153734783793,3719.6455078125,28.22430938910441,0,4,8,0.0,0.1005,0.0,0.1,0.05,0.25,0.6
423,frozen_mlp_ppo_seed3,0,NOOP,0.1945,-0.008375,0.192066,0,61,273.2909673346571,166.64862632751465,43,1.3516153734783793,3719.6455078125,28.22430938910441,0,4,8,0.0,0.1005,0.0,0.1,0.05,0.25,0.6,64,294.4623984765448,176.682710647583,44,1.3239101063121448,3728.130859375,30.27247026412781,0,5,9,0.0,0.067,0.0,0.1,0.05,0.2,0.65
424,frozen_mlp_ppo_seed3,0,NOOP,0.194375,0.0,0.190016,0,64,294.4623984765448,176.682710647583,44,1.3239101063121448,3728.130859375,30.27247026412781,0,5,9,0.0,0.067,0.0,0.1,0.05,0.2,0.65,85,381.83125200813964,274.17755126953125,45,1.2980370415581597,3738.3466796875,31.921487027300593,0,6,10,0.0,0.067,0.05,0.1,0.05,0.2,0.6
425,frozen_mlp_ppo_seed3,0,NOOP,0.19425,0.0,0.191277,0,85,381.83125200813964,274.17755126953125,45,1.2980370415581597,3738.3466796875,31.921487027300593,0,6,10,0.0,0.067,0.05,0.1,0.05,0.2,0.6,69,310.3643271937585,206.1614990234375,46,1.2728002797002378,3747.1240234375,33.411649949991144,0,7,11,0.0,0.067,0.05,0.1,0.05,0.2,0.6
426,frozen_mlp_ppo_seed3,0,NOOP,0.194125,0.0,0.191685,0,69,310.3643271937585,206.1614990234375,46,1.2728002797002378,3747.1240234375,33.411649949991144,0,7,11,0.0,0.067,0.05,0.1,0.05,0.2,0.6,61,276.3983380614606,180.7715892791748,47,1.2484358117935506,3755.294921875,34.73255685101406,0,8,12,0.0,0.067,0.05,0.1,0.05,0.2,0.6
427,frozen_mlp_ppo_seed3,1,COMPACT_32KB,0.179307,-0.045,0.191338,0,61,276.3983380614606,180.7715892791748,47,1.2484358117935506,3755.294921875,34.73255685101406,0,8,12,0.0,0.067,0.05,0.1,0.05,0.2,0.6,81,361.02617115604505,178.1175136566162,51,1.1565138872931986,3774.861328125,26.127613554033587,0,0,13,0.0,0.067,0.05,0.1,0.05,0.2,0.6
428,frozen_mlp_ppo_seed3,0,NOOP,0.1935,-0.008375,0.190952,0,81,361.02617115604505,178.1175136566162,51,1.1565138872931986,3774.861328125,26.127613554033587,0,0,13,0.0,0.067,0.05,0.1,0.05,0.2,0.6,91,422.75998329702173,192.41976737976074,52,1.1375160217285156,3785.6533203125,27.315557663523784,0,1,14,0.0,0.0335,0.05,0.1,0.05,0.15,0.65
429,frozen_mlp_ppo_seed3,0,NOOP,0.193375,0.0,0.188402,0,91,422.75998329702173,192.41976737976074,52,1.1375160217285156,3785.6533203125,27.315557663523784,0,1,14,0.0,0.0335,0.05,0.1,0.05,0.15,0.65,82,364.53846471819605,314.91589546203613,53,1.1190058870135613,3795.66796875,28.39314433433889,0,2,15,0.0,0.0335,0.1,0.1,0.05,0.15,0.6
430,frozen_mlp_ppo_seed3,0,NOOP,0.19325,-0.008375,0.190738,0,82,364.53846471819605,314.91589546203613,53,1.1190058870135613,3795.66796875,28.39314433433889,0,2,15,0.0,0.0335,0.1,0.1,0.05,0.15,0.6,60,254.07115374713655,193.09520721435547,54,1.1006184330692999,3803.7373046875,29.423491442066965,0,3,16,0.0,0.0,0.1,0.1,0.05,0.1,0.65
431,frozen_mlp_ppo_seed3,0,NOOP,0.193125,0.0,0.184553,0,60,254.07115374713655,193.09520721435547,54,1.1006184330692999,3803.7373046875,29.423491442066965,0,3,16,0.0,0.0,0.1,0.1,0.05,0.1,0.65,83,387.81419794689555,497.3640441894531,55,1.0834400523792613,3813.708984375,30.26861395874309,0,4,17,0.0,0.0,0.1,0.1,0.1,0.1,0.6
432,frozen_mlp_ppo_seed3,0,NOOP,0.193,0.0,0.184511,0,83,387.81419794689555,497.3640441894531,55,1.0834400523792613,3813.708984375,30.26861395874309,0,4,17,0.0,0.0,0.1,0.1,0.1,0.1,0.6,66,298.7792603913366,494.46964263916016,56,1.066488810947963,3822.2958984375,31.07154584345245,0,5,18,0.0,0.0,0.1,0.05,0.15,0.1,0.6
433,frozen_mlp_ppo_seed3,3,COMPACT_128KB,0.1625,-0.055,0.188226,0,66,298.7792603913366,494.46964263916016,56,1.066488810947963,3822.2958984375,31.07154584345245,0,5,18,0.0,0.0,0.1,0.05,0.15,0.1,0.6,57,255.12879731334777,388.6892795562744,40,1.476536178588867,3779.9326171875,11.225926042612805,0,0,19,0.0,0.0,0.1,0.05,0.15,0.1,0.6
434,frozen_mlp_ppo_seed3,0,NOOP,0.194875,0.0,0.192601,0,57,255.12879731334777,388.6892795562744,40,1.476536178588867,3779.9326171875,11.225926042612805,0,0,19,0.0,0.0,0.1,0.05,0.15,0.1,0.6,52,242.09546897546898,164.9308204650879,41,1.4432979676781632,3787.2138671875,17.561406263032964,0,1,20,0.0,0.0,0.1,0.05,0.15,0.05,0.65
435,frozen_mlp_ppo_seed3,6,PARTITION_EVENT_TYPE,0.012932,-0.1,0.192248,0,52,242.09546897546898,164.9308204650879,41,1.4432979676781632,3787.2138671875,17.561406263032964,0,1,20,0.0,0.0,0.1,0.05,0.15,0.05,0.65,56,259.7721296952712,177.57821083068848,42,1.4117874872116816,3794.884765625,21.718501885488553,3,2,0,0.0,0.0,0.1,0.05,0.15,0.05,0.65
436,frozen_mlp_ppo_seed3,0,NOOP,0.194375,-0.086396,0.191313,0,56,259.7721296952712,177.57821083068848,42,1.4117874872116816,3794.884765625,21.718501885488553,3,2,0,0.0,0.0,0.1,0.05,0.15,0.05,0.65,77,308.93602155731924,209.36965942382812,45,1.3228268093532987,3809.7412109375,30.0648313283396,3,3,1,0.0,0.0,0.1,0.05,0.15,0.0,0.7
437,frozen_mlp_ppo_seed3,0,NOOP,0.194,-0.08619,0.191544,0,77,308.93602155731924,209.36965942382812,45,1.3228268093532987,3809.7412109375,30.0648313283396,3,3,1,0.0,0.0,0.1,0.05,0.15,0.0,0.7,77,319.0637255289385,182.77668952941895,48,1.2449712753295898,3824.5517578125,35.025480216238165,3,4,2,0.0,0.0,0.1,0.05,0.15,0.0,0.7
438,frozen_mlp_ppo_seed3,0,NOOP,0.193625,-0.083739,0.192126,0,77,319.0637255289385,182.77668952941895,48,1.2449712753295898,3824.5517578125,35.025480216238165,3,4,2,0.0,0.0,0.1,0.05,0.15,0.0,0.7,97,407.47785624360887,197.17049598693848,51,1.176841885435815,3841.2119140625,38.25885721136744,3,5,3,0.003897244559801627,0.00019486222799008137,0.1,0.05,0.15,0.05,0.65
439,frozen_mlp_ppo_seed3,0,NOOP,0.19325,-0.085746,0.190569,0,97,407.47785624360887,197.17049598693848,51,1.176841885435815,3841.2119140625,38.25885721136744,3,5,3,0.003897244559801627,0.00019486222799008137,0.1,0.05,0.15,0.05,0.65,70,265.4649187288481,201.55572891235352,54,1.1155559398509838,3855.361328125,40.590519282069096,3,6,4,0.0,0.00019486222799008137,0.1,0.05,0.15,0.05,0.65
440,frozen_mlp_ppo_seed3,2,COMPACT_64KB,0.553216,-0.121203,0.18966,0,70,265.4649187288481,201.55572891235352,54,1.1155559398509838,3855.361328125,40.590519282069096,3,6,4,0.0,0.00019486222799008137,0.1,0.05,0.15,0.05,0.65,54,208.19288590739748,282.0117473602295,47,1.277491143409242,3842.693359375,26.67396490566938,3,0,5,0.0,0.00019486222799008137,0.1,0.1,0.15,0.05,0.6
441,frozen_mlp_ppo_seed3,0,NOOP,0.19375,-0.071033,0.190813,0,54,208.19288590739748,282.0117473602295,47,1.277491143409242,3842.693359375,26.67396490566938,3,0,5,0.0,0.00019486222799008137,0.1,0.1,0.15,0.05,0.6,78,297.9229193113334,209.35964584350586,50,1.205517578125,3857.65625,31.73899556446953,3,1,6,0.0,0.00019486222799008137,0.1,0.05,0.15,0.05,0.65
442,frozen_mlp_ppo_seed3,0,NOOP,0.193375,-0.070822,0.188258,0,78,297.9229193113334,209.35964584350586,50,1.205517578125,3857.65625,31.73899556446953,3,1,6,0.0,0.00019486222799008137,0.1,0.05,0.15,0.05,0.65,97,389.9340965616389,322.07608222961426,53,1.142223430129717,3874.421875,35.04735913858506,3,2,7,0.0,0.00019486222799008137,0.15,0.05,0.15,0.05,0.6
443,frozen_mlp_ppo_seed3,0,NOOP,0.193,-0.070666,0.190356,0,97,389.9340965616389,322.07608222961426,53,1.142223430129717,3874.421875,35.04735913858506,3,2,7,0.0,0.00019486222799008137,0.15,0.05,0.15,0.05,0.6,73,296.973557125745,202.1946907043457,56,1.0851048060825892,3889.015625,37.44289104934173,3,3,8,0.0,0.00019486222799008137,0.15,0.05,0.15,0.05,0.6
444,frozen_mlp_ppo_seed3,0,NOOP,0.192625,-0.070509,0.18966,0,73,296.973557125745,202.1946907043457,56,1.0851048060825892,3889.015625,37.44289104934173,3,3,8,0.0,0.00019486222799008137,0.15,0.05,0.15,0.05,0.6,73,306.25463056502997,221.98891639709473,59,1.0337599414890095,3903.4775390625,39.17488065368327,3,4,9,0.0,0.00019486222799008137,0.1,0.05,0.15,0.05,0.65
445,frozen_mlp_ppo_seed3,3,COMPACT_128KB,0.163875,-0.090324,0.194072,0,73,306.25463056502997,221.98891639709473,59,1.0337599414890095,3903.4775390625,39.17488065368327,3,4,9,0.0,0.00019486222799008137,0.1,0.05,0.15,0.05,0.65,72,283.1385250051567,151.40700340270996,29,2.060874675882274,3824.9833984375,45.10575311062024,3,0,10,0.0,0.00019486222799008137,0.1,0.05,0.15,0.05,0.65
446,frozen_mlp_ppo_seed3,0,NOOP,0.196,-0.035335,0.189778,0,72,283.1385250051567,151.40700340270996,29,2.060874675882274,3824.9833984375,45.10575311062024,3,0,10,0.0,0.00019486222799008137,0.1,0.05,0.15,0.05,0.65,61,245.73254077333186,351.07994079589844,32,1.8742432594299316,3838.4501953125,57.108663079549764,3,1,11,0.0,0.00019486222799008137,0.1,0.05,0.2,0.05,0.6
447,frozen_mlp_ppo_seed3,0,NOOP,0.195625,-0.035367,0.192325,0,61,245.73254077333186,351.07994079589844,32,1.8742432594299316,3838.4501953125,57.108663079549764,3,1,11,0.0,0.00019486222799008137,0.1,0.05,0.2,0.05,0.6,68,276.42806453707624,208.76479148864746,35,1.7198944091796875,3852.5634765625,63.603358369410415,3,2,12,0.0,0.00019486222799008137,0.1,0.05,0.2,0.05,0.6
448,frozen_mlp_ppo_seed3,0,NOOP,0.19525,-0.035384,0.192907,0,68,276.42806453707624,208.76479148864746,35,1.7198944091796875,3852.5634765625,63.603358369410415,3,2,12,0.0,0.00019486222799008137,0.1,0.05,0.2,0.05,0.6,53,214.68702750103336,164.65449333190918,38,1.589331777472245,3865.2548828125,67.4842504980271,3,3,13,0.0,0.00019486222799008137,0.1,0.05,0.2,0.05,0.6
449,frozen_mlp_ppo_seed3,0,NOOP,0.194875,-0.035408,0.191842,0,53,214.68702750103336,164.65449333190918,38,1.589331777472245,3865.2548828125,67.4842504980271,3,3,13,0.0,0.00019486222799008137,0.1,0.05,0.2,0.05,0.6,78,324.64748552681976,202.91423797607422,41,1.4787567883003048,3880.2578125,69.73528821877407,3,4,14,0.0,0.00019486222799008137,0.05,0.05,0.2,0.05,0.65
450,frozen_mlp_ppo_seed3,1,COMPACT_32KB,0.179432,-0.084407,0.191161,0,78,324.64748552681976,202.91423797607422,41,1.4787567883003048,3880.2578125,69.73528821877407,3,4,14,0.0,0.00019486222799008137,0.05,0.05,0.2,0.05,0.65,69,280.6253664089643,191.93506240844727,50,1.2234274291992187,3914.9677734375,24.65792982664676,3,0,15,0.0,0.00019486222799008137,0.05,0.05,0.2,0.05,0.65
451,frozen_mlp_ppo_seed3,0,NOOP,0.193375,0.337463,0.393341,0,69,280.6253664089643,191.93506240844727,50,1.2234274291992187,3914.9677734375,24.65792982664676,3,0,15,0.0,0.00019486222799008137,0.05,0.05,0.2,0.05,0.65,23,91.29217776751528,117.94471740722656,53,1.1571347218639445,3925.0009765625,29.64365979154363,3,1,16,0.67,0.033694862227990084,0.05,0.05,0.15,0.1,0.65
452,frozen_mlp_ppo_seed3,0,NOOP,0.193,-0.039412,0.189221,0,23,91.29217776751528,117.94471740722656,53,1.1571347218639445,3925.0009765625,29.64365979154363,3,1,16,0.67,0.033694862227990084,0.05,0.05,0.15,0.1,0.65,26,112.40355314775991,258.9259147644043,56,1.0980208260672433,3935.306640625,32.989439860785545,3,2,17,0.0,0.033694862227990084,0.05,0.1,0.1,0.1,0.65
453,frozen_mlp_ppo_seed3,0,NOOP,0.192625,-0.039402,0.185523,0,26,112.40355314775991,258.9259147644043,56,1.0980208260672433,3935.306640625,32.989439860785545,3,2,17,0.0,0.033694862227990084,0.05,0.1,0.1,0.1,0.65,42,175.18237443875952,428.8649559020996,59,1.0452878273139565,3947.0068359375,35.33156143288449,3,3,18,0.0,0.033694862227990084,0.1,0.1,0.05,0.1,0.65
454,frozen_mlp_ppo_seed3,0,NOOP,0.191746,-0.039388,0.18661,0,42,175.18237443875952,428.8649559020996,59,1.0452878273139565,3947.0068359375,35.33156143288449,3,3,18,0.0,0.033694862227990084,0.1,0.1,0.05,0.1,0.65,33,140.0830830982794,334.3191146850586,62,0.9974822998046875,3958.009765625,37.06819241444734,3,4,19,0.0,0.033694862227990084,0.15,0.1,0.05,0.1,0.6
455,frozen_mlp_ppo_seed3,0,NOOP,0.182735,-0.03938,0.179758,0,33,140.0830830982794,334.3191146850586,62,0.9974822998046875,3958.009765625,37.06819241444734,3,4,19,0.0,0.033694862227990084,0.15,0.1,0.05,0.1,0.6,44,175.02470649713254,230.1025390625,65,0.9542987530048077,3969.8828125,38.3405954374947,3,5,20,0.0,0.033694862227990084,0.15,0.1,0.05,0.1,0.6
456,frozen_mlp_ppo_seed3,3,COMPACT_128KB,-0.130375,-0.094382,0.192062,0,44,175.02470649713254,230.1025390625,65,0.9542987530048077,3969.8828125,38.3405954374947,3,5,20,0.0,0.033694862227990084,0.15,0.1,0.05,0.1,0.6,28,117.37877076657678,181.89716339111328,43,1.421317876771439,3911.466796875,11.389162132246701,3,0,21,0.0,0.033694862227990084,0.15,0.1,0.05,0.1,0.6
457,frozen_mlp_ppo_seed3,7,REMOVE_PARTITION,0.130614,-0.074385,0.184166,0,28,117.37877076657678,181.89716339111328,43,1.421317876771439,3911.466796875,11.389162132246701,3,0,21,0.0,0.033694862227990084,0.15,0.1,0.05,0.1,0.6,28,121.97619688102075,561.6836547851562,46,1.3321367346722146,3921.810546875,24.462518491280335,0,1,0,0.0,0.033694862227990084,0.15,0.1,0.1,0.1,0.55
458,frozen_mlp_ppo_seed3,0,NOOP,0.194125,-0.053804,0.189694,0,28,121.97619688102075,561.6836547851562,46,1.3321367346722146,3921.810546875,24.462518491280335,0,1,0,0.0,0.033694862227990084,0.15,0.1,0.1,0.1,0.55,49,204.9621691269599,280.29489517211914,47,1.3061497465093086,3928.8984375,26.747218197268506,0,2,1,0.0,0.0335,0.2,0.1,0.1,0.05,0.55
459,frozen_mlp_ppo_seed3,0,NOOP,0.194,-0.053659,0.191274,0,49,204.9621691269599,280.29489517211914,47,1.3061497465093086,3928.8984375,26.747218197268506,0,2,1,0.0,0.0335,0.2,0.1,0.1,0.05,0.55,43,182.83430517821662,196.31004333496094,48,1.2810624440511067,3935.423828125,28.70421276017334,0,3,2,0.0,0.0335,0.2,0.1,0.1,0.05,0.55
460,frozen_mlp_ppo_seed3,0,NOOP,0.193875,-0.053551,0.191013,0,43,182.83430517821662,196.31004333496094,48,1.2810624440511067,3935.423828125,28.70421276017334,0,3,2,0.0,0.0335,0.2,0.1,0.1,0.05,0.55,48,167.0787830503411,204.32519912719727,49,1.2571460957429847,3942.41015625,30.35733204954962,0,4,3,0.0,0.0335,0.2,0.05,0.1,0.05,0.6
461,frozen_mlp_ppo_seed3,0,NOOP,0.19375,-0.053497,0.190996,0,48,167.0787830503411,204.32519912719727,49,1.2571460957429847,3942.41015625,30.35733204954962,0,4,3,0.0,0.0335,0.2,0.05,0.1,0.05,0.6,24,79.88484769126383,200.18529891967773,50,1.233516845703125,3947.25390625,31.892137548676576,0,5,4,0.0,0.0335,0.2,0.05,0.1,0.05,0.6
462,frozen_mlp_ppo_seed3,0,NOOP,0.193625,-0.053416,0.190077,0,24,79.88484769126383,200.18529891967773,50,1.233516845703125,3947.25390625,31.892137548676576,0,5,4,0.0,0.0335,0.2,0.05,0.1,0.05,0.6,36,155.11080932545084,241.12963676452637,51,1.2111445408241421,3953.17578125,33.186185377994036,0,6,5,0.0,0.0335,0.15,0.05,0.1,0.05,0.65
463,frozen_mlp_ppo_seed3,0,NOOP,0.1935,-0.053307,0.192703,0,36,155.11080932545084,241.12963676452637,51,1.2111445408241421,3953.17578125,33.186185377994036,0,6,5,0.0,0.0335,0.15,0.05,0.1,0.05,0.65,49,185.83754115363087,104.84194755554199,52,1.190000974214994,3960.3232421875,34.27749252762359,0,7,6,0.0,0.0335,0.15,0.05,0.1,0.1,0.6
464,frozen_mlp_ppo_seed3,2,COMPACT_64KB,0.215716,-0.101624,0.191496,0,49,185.83754115363087,104.84194755554199,52,1.190000974214994,3960.3232421875,34.27749252762359,0,7,6,0.0,0.0335,0.15,0.05,0.1,0.1,0.6,31,131.83229491857782,190.17648696899414,47,1.3130532122672873,3949.6640625,16.0451374769007,0,0,7,0.0,0.0335,0.15,0.05,0.1,0.1,0.6
465,frozen_mlp_ppo_seed3,0,NOOP,0.194,-0.05155,0.190767,0,31,131.83229491857782,190.17648696899414,47,1.3130532122672873,3949.6640625,16.0451374769007,0,0,7,0.0,0.0335,0.15,0.05,0.1,0.1,0.6,41,170.0146952979792,221.62532806396484,48,1.2877734502156575,3956.0400390625,19.432303354119366,0,1,8,0.0,0.0335,0.15,0.05,0.1,0.15,0.55
466,frozen_mlp_ppo_seed3,0,NOOP,0.193875,-0.051489,0.188962,0,41,170.0146952979792,221.62532806396484,48,1.2877734502156575,3956.0400390625,19.432303354119366,0,1,8,0.0,0.0335,0.15,0.05,0.1,0.15,0.55,34,143.96420639471495,306.90670013427734,49,1.2633131377551021,3961.75,22.132104099625536,0,2,9,0.0,0.0335,0.2,0.05,0.05,0.15,0.55
467,frozen_mlp_ppo_seed3,0,NOOP,0.19375,-0.051436,0.190906,0,34,143.96420639471495,306.90670013427734,49,1.2633131377551021,3961.75,22.132104099625536,0,2,9,0.0,0.0335,0.2,0.05,0.05,0.15,0.55,30,128.18163759477693,204.69212532043457,50,1.2397262573242187,3967.1240234375,24.367439807305182,0,3,10,0.0,0.0335,0.2,0.05,0.05,0.15,0.55
468,frozen_mlp_ppo_seed3,0,NOOP,0.193625,-0.05137,0.188586,0,30,128.18163759477693,204.69212532043457,50,1.2397262573242187,3967.1240234375,24.367439807305182,0,3,10,0.0,0.0335,0.2,0.05,0.05,0.15,0.55,37,152.68310747392303,315.7060146331787,51,1.217259126551011,3973.1337890625,26.217199025557946,0,4,11,0.0,0.0335,0.2,0.05,0.05,0.15,0.55
469,frozen_mlp_ppo_seed3,0,NOOP,0.1935,-0.051323,0.190768,0,37,152.68310747392303,315.7060146331787,51,1.217259126551011,3973.1337890625,26.217199025557946,0,4,11,0.0,0.0335,0.2,0.05,0.05,0.15,0.55,26,107.85738347798136,201.60293579101562,52,1.1953620910644531,3978.1650390625,27.856591299828594,0,5,12,0.0,0.0335,0.2,0.05,0.05,0.15,0.55
470,frozen_mlp_ppo_seed3,1,COMPACT_32KB,0.561557,-0.093712,0.190761,0,26,107.85738347798136,201.60293579101562,52,1.1953620910644531,3978.1650390625,27.856591299828594,0,5,12,0.0,0.0335,0.2,0.05,0.05,0.15,0.55,36,153.36691673421132,196.9599723815918,53,1.1745850185178361,3984.1923828125,27.502750765559423,0,0,13,0.0,0.0335,0.2,0.05,0.05,0.15,0.55
471,frozen_mlp_ppo_seed3,0,NOOP,0.19325,-0.057088,0.188902,0,36,153.36691673421132,196.9599723815918,53,1.1745850185178361,3984.1923828125,27.502750765559423,0,0,13,0.0,0.0335,0.2,0.05,0.05,0.15,0.55,35,148.04212122862324,284.8978042602539,54,1.1545155843098958,3990.005859375,28.83086111831099,0,1,14,0.0,0.0,0.2,0.1,0.05,0.1,0.55
472,frozen_mlp_ppo_seed3,0,NOOP,0.193125,-0.048713,0.190525,0,35,148.04212122862324,284.8978042602539,54,1.1545155843098958,3990.005859375,28.83086111831099,0,1,14,0.0,0.0,0.2,0.1,0.05,0.1,0.55,22,85.41524585141076,198.75597953796387,55,1.1348410866477272,3994.640625,30.05042959440773,0,2,15,0.0,0.0,0.2,0.05,0.05,0.1,0.6
473,frozen_mlp_ppo_seed3,0,NOOP,0.193,-0.048714,0.187483,0,22,85.41524585141076,198.75597953796387,55,1.1348410866477272,3994.640625,30.05042959440773,0,2,15,0.0,0.0,0.2,0.05,0.05,0.1,0.6,32,131.84258385190788,345.86381912231445,56,1.116131101335798,4000.2138671875,31.095108924606055,0,3,16,0.0,0.0,0.2,0.05,0.05,0.1,0.6
474,frozen_mlp_ppo_seed3,0,NOOP,0.192875,-0.048715,0.190112,0,32,131.84258385190788,345.86381912231445,56,1.116131101335798,4000.2138671875,31.095108924606055,0,3,16,0.0,0.0,0.2,0.05,0.05,0.1,0.6,22,91.80263883113032,209.38444137573242,57,1.0978214196991503,4004.8525390625,32.06103264600004,0,4,17,0.0,0.0,0.15,0.05,0.05,0.1,0.65
475,frozen_mlp_ppo_seed3,0,NOOP,0.19275,-0.048716,0.188355,0,22,91.80263883113032,209.38444137573242,57,1.0978214196991503,4004.8525390625,32.06103264600004,0,4,17,0.0,0.0,0.15,0.05,0.05,0.1,0.65,41,172.92985622905204,292.2673225402832,58,1.080609288708917,4011.2216796875,32.867272467625,0,5,18,0.0,0.0,0.15,0.1,0.05,0.1,0.6
476,frozen_mlp_ppo_seed3,2,COMPACT_64KB,0.215716,-0.098717,0.191507,0,41,172.92985622905204,292.2673225402832,58,1.080609288708917,4011.2216796875,32.867272467625,0,5,18,0.0,0.0,0.15,0.1,0.05,0.1,0.6,35,151.62097400558557,189.64147567749023,47,1.3245943759350067,3984.3798828125,11.522713569818004,0,0,19,0.0,0.0,0.15,0.1,0.05,0.1,0.6
477,frozen_mlp_ppo_seed3,0,NOOP,0.194,-0.048718,0.190279,0,35,151.62097400558557,189.64147567749023,47,1.3245943759350067,3984.3798828125,11.522713569818004,0,0,19,0.0,0.0,0.15,0.1,0.05,0.1,0.6,28,119.75342974203771,246.04082107543945,48,1.2986892064412434,3989.5732421875,16.182930435412096,0,1,20,0.0,0.0,0.15,0.1,0.0,0.1,0.65
478,frozen_mlp_ppo_seed3,6,PARTITION_EVENT_TYPE,0.012057,-0.148719,0.191402,0,28,119.75342974203771,246.04082107543945,48,1.2986892064412434,3989.5732421875,16.182930435412096,0,1,20,0.0,0.0,0.15,0.1,0.0,0.1,0.65,29,119.6633621092501,184.91601943969727,49,1.2738659917091837,3994.84375,19.496241957125154,3,2,0,0.0,0.0,0.1,0.1,0.0,0.1,0.7
479,frozen_mlp_ppo_seed3,0,NOOP,0.1935,-0.085008,0.188714,0,29,119.6633621092501,184.91601943969727,49,1.2738659917091837,3994.84375,19.496241957125154,3,2,0,0.0,0.0,0.1,0.1,0.0,0.1,0.7,48,184.92843305565583,304.309606552124,52,1.2040358323317308,4007.03125,26.276847212490622,3,3,1,0.0,0.0,0.15,0.1,0.0,0.1,0.65
480,frozen_mlp_ppo_seed3,0,NOOP,0.193125,-0.084958,0.190313,0,48,184.92843305565583,304.309606552124,52,1.2040358323317308,4007.03125,26.276847212490622,3,3,1,0.0,0.0,0.15,0.1,0.0,0.1,0.65,20,80.92323750522134,209.35320854187012,55,1.1410927512428977,4016.646484375,30.636907446897975,3,4,2,0.0,0.0,0.15,0.1,0.0,0.1,0.65
481,frozen_mlp_ppo_seed3,2,COMPACT_64KB,0.215091,-0.133723,0.190974,0,20,80.92323750522134,209.35320854187012,55,1.1410927512428977,4016.646484375,30.636907446897975,3,4,2,0.0,0.0,0.15,0.1,0.0,0.1,0.65,42,158.31730006192106,191.3003921508789,52,1.2057442298302283,4012.716796875,25.877565750032364,3,0,3,0.0,0.0,0.15,0.1,0.0,0.1,0.65
482,frozen_mlp_ppo_seed3,0,NOOP,0.193125,-0.083673,0.188499,0,42,158.31730006192106,191.3003921508789,52,1.2057442298302283,4012.716796875,25.877565750032364,3,0,3,0.0,0.0,0.15,0.1,0.0,0.1,0.65,20,78.74593884208304,300.05335807800293,55,1.142678555575284,4022.228515625,30.332692104410587,3,1,4,0.0,0.0,0.15,0.1,0.0,0.1,0.65
483,frozen_mlp_ppo_seed3,0,NOOP,0.19275,-0.083602,0.188024,0,20,78.74593884208304,300.05335807800293,55,1.142678555575284,4022.228515625,30.332692104410587,3,1,4,0.0,0.0,0.15,0.1,0.0,0.1,0.65,29,114.36680550984909,308.7794780731201,58,1.0864107855435075,4032.7568359375,33.370462282447576,3,2,5,0.0,0.0,0.2,0.1,0.0,0.05,0.65
484,frozen_mlp_ppo_seed3,0,NOOP,0.192375,-0.08352,0.18945,0,29,114.36680550984909,308.7794780731201,58,1.0864107855435075,4032.7568359375,33.370462282447576,3,2,5,0.0,0.0,0.2,0.1,0.0,0.05,0.65,33,128.60069888032348,222.5191593170166,61,1.0357483410444417,4043.5615234375,35.56128868217566,3,3,6,0.0,0.0,0.2,0.1,0.0,0.05,0.65
485,frozen_mlp_ppo_seed3,0,NOOP,0.189947,-0.083449,0.183906,0,33,128.60069888032348,222.5191593170166,61,1.0357483410444417,4043.5615234375,35.56128868217566,3,3,6,0.0,0.0,0.2,0.1,0.0,0.05,0.65,29,114.63519122387046,382.066011428833,64,0.9897360801696777,4053.958984375,37.19611694721499,3,4,7,0.0,0.0,0.25,0.1,0.0,0.0,0.65
486,frozen_mlp_ppo_seed3,2,COMPACT_64KB,0.215466,-0.133335,0.191327,0,29,114.63519122387046,382.066011428833,64,0.9897360801696777,4053.958984375,37.19611694721499,3,4,7,0.0,0.0,0.25,0.1,0.0,0.0,0.65,46,184.54700096033548,188.63940238952637,49,1.2812711754623725,4018.06640625,18.031395262928434,3,0,8,0.0,0.0,0.2,0.1,0.0,0.0,0.7
487,frozen_mlp_ppo_seed3,0,NOOP,0.1935,-0.083245,0.190666,0,46,184.54700096033548,188.63940238952637,49,1.2812711754623725,4018.06640625,18.031395262928434,3,0,8,0.0,0.0,0.2,0.1,0.0,0.0,0.7,37,113.44268152634838,206.70318603515625,52,1.2107174213115985,4029.267578125,25.408989894276772,3,1,9,0.0,0.0,0.2,0.1,0.0,0.0,0.7
488,frozen_mlp_ppo_seed3,0,NOOP,0.193125,0.293716,0.391092,0,37,113.44268152634838,206.70318603515625,52,1.2107174213115985,4029.267578125,25.408989894276772,3,1,9,0.0,0.0,0.2,0.1,0.0,0.0,0.7,35,135.10289126289362,220.37982940673828,55,1.1478207674893466,4040.3291015625,29.930653175864073,3,2,10,0.67,0.0335,0.2,0.1,0.0,0.05,0.65
489,frozen_mlp_ppo_seed3,0,NOOP,0.19275,-0.08308,0.182955,0,35,135.10289126289362,220.37982940673828,55,1.1478207674893466,4040.3291015625,29.930653175864073,3,2,10,0.67,0.0335,0.2,0.1,0.0,0.05,0.65,32,125.83804663643328,562.2272491455078,58,1.0913533177869073,4051.103515625,33.05102894585691,3,3,11,0.0,0.0335,0.2,0.1,0.05,0.05,0.6
490,frozen_mlp_ppo_seed3,0,NOOP,0.192375,-0.082983,0.183432,0,32,125.83804663643328,562.2272491455078,58,1.0913533177869073,4051.103515625,33.05102894585691,3,3,11,0.0,0.0335,0.2,0.1,0.05,0.05,0.6,40,148.06748690956235,523.4222412109375,61,1.040619396772541,4062.578125,35.28536082606446,3,4,12,0.0,0.0335,0.2,0.1,0.1,0.05,0.55
491,frozen_mlp_ppo_seed3,1,COMPACT_32KB,0.561682,-0.097276,0.184662,0,40,148.06748690956235,523.4222412109375,61,1.040619396772541,4062.578125,35.28536082606446,3,4,12,0.0,0.0335,0.2,0.1,0.1,0.05,0.55,23,92.40670101660886,506.87670707702637,52,1.2146113469050481,4042.2265625,24.027519779566646,3,0,13,0.0,0.0335,0.2,0.05,0.15,0.05,0.55
492,frozen_mlp_ppo_seed3,0,NOOP,0.193125,-0.052274,0.18998,0,23,92.40670101660886,506.87670707702637,52,1.2146113469050481,4042.2265625,24.027519779566646,3,0,13,0.0,0.0335,0.2,0.05,0.15,0.05,0.55,20,81.42587850679567,226.00603103637695,55,1.1510736638849433,4051.779296875,28.93418543845833,3,1,14,0.0,0.0335,0.2,0.05,0.15,0.05,0.55
493,frozen_mlp_ppo_seed3,0,NOOP,0.19275,-0.052277,0.188907,0,20,81.42587850679567,226.00603103637695,55,1.1510736638849433,4051.779296875,28.93418543845833,3,1,14,0.0,0.0335,0.2,0.05,0.15,0.05,0.55,23,90.69575379234809,264.6322250366211,58,1.0941990819470635,4061.6669921875,32.25391244890311,3,2,15,0.0,0.0335,0.15,0.05,0.15,0.05,0.6
494,frozen_mlp_ppo_seed3,0,NOOP,0.192375,0.324606,0.392793,0,23,90.69575379234809,264.6322250366211,58,1.0941990819470635,4061.6669921875,32.25391244890311,3,2,15,0.0,0.0335,0.15,0.05,0.15,0.05,0.6,41,143.9470305553672,105.37004470825195,61,1.0433747338466957,4073.3349609375,34.5874454207329,3,3,16,0.67,0.067,0.15,0.05,0.15,0.1,0.55
495,frozen_mlp_ppo_seed3,0,NOOP,0.191366,-0.05227,0.181663,0,41,143.9470305553672,105.37004470825195,61,1.0433747338466957,4073.3349609375,34.5874454207329,3,3,16,0.67,0.067,0.15,0.05,0.15,0.1,0.55,21,66.50969400237405,565.1724338531494,64,0.996830940246582,4083.01953125,36.36793879580273,3,4,17,0.0,0.067,0.15,0.0,0.2,0.1,0.55
496,frozen_mlp_ppo_seed3,0,NOOP,0.18252,-0.052269,0.178966,0,21,66.50969400237405,565.1724338531494,64,0.996830940246582,4083.01953125,36.36793879580273,3,4,17,0.0,0.067,0.15,0.0,0.2,0.1,0.55,21,79.328970619228,261.4398002624512,67,0.9544764276760728,4092.794921875,37.70472679418103,3,5,18,0.0,0.067,0.15,0.0,0.2,0.1,0.55
497,frozen_mlp_ppo_seed3,0,NOOP,0.174437,-0.052272,0.167274,0,21,79.328970619228,261.4398002624512,67,0.9544764276760728,4092.794921875,37.70472679418103,3,5,18,0.0,0.067,0.15,0.0,0.2,0.1,0.55,30,122.2577272709607,445.61266899108887,70,0.9159332275390625,4103.380859375,38.70050349509254,3,6,19,0.0,0.067,0.2,0.0,0.2,0.1,0.5
498,frozen_mlp_ppo_seed3,0,NOOP,0.167006,-0.052278,0.161131,0,30,122.2577272709607,445.61266899108887,70,0.9159332275390625,4103.380859375,38.70050349509254,3,6,19,0.0,0.067,0.2,0.0,0.2,0.1,0.5,36,149.27972001700462,385.00165939331055,73,0.8806562031785102,4114.42578125,39.4456126376966,3,7,20,0.0,0.067,0.25,0.0,0.2,0.1,0.45
499,frozen_mlp_ppo_seed3,1,COMPACT_32KB,0.561682,-0.097279,0.190765,0,36,149.27972001700462,385.00165939331055,73,0.8806562031785102,4114.42578125,39.4456126376966,3,7,20,0.0,0.067,0.25,0.0,0.2,0.1,0.45,48,186.1315562721655,201.77268981933594,52,1.2207216116098256,4062.5615234375,23.037980583008018,3,0,21,0.0,0.067,0.2,0.0,0.2,0.1,0.5
500,frozen_mlp_ppo_seed3,0,NOOP,0.193125,-0.052277,0.189056,1,48,186.1315562721655,201.77268981933594,52,1.2207216116098256,4062.5615234375,23.037980583008018,3,0,21,0.0,0.067,0.2,0.0,0.2,0.1,0.5,45,180.10133723160425,272.21012115478516,55,1.157533125443892,4074.5166015625,28.107726214730405,3,1,22,0.0,0.067,0.2,0.0,0.2,0.1,0.5
