step,policy_name,action,action_name,compact_reward,partition_reward,global_reward,done,rows_ingested,ingestion_rate_rows_per_sec,latency_ms,file_count,block_utilization,total_size_kb,file_size_skew_kb,partition_strategy,steps_since_compact,steps_since_partition_change,partition_pruning_ratio,avg_pruning_ratio,query_hist_time_range,query_hist_region_filter,query_hist_sensor_lookup,query_hist_type_filter,query_hist_full_scan,next_rows_ingested,next_ingestion_rate_rows_per_sec,next_latency_ms,next_file_count,next_block_utilization,next_total_size_kb,next_file_size_skew_kb,next_partition_strategy,next_steps_since_compact,next_steps_since_partition_change,next_partition_pruning_ratio,next_avg_pruning_ratio,next_query_hist_time_range,next_query_hist_region_filter,next_query_hist_sensor_lookup,next_query_hist_type_filter,next_query_hist_full_scan
1,frozen_ddqn_seed5,0,NOOP,0.018582,0.0,0.017816,0,0,0.0,0.0,0,0.0,0.0,0.0,0,0,0,0.0,0.0,0.0,0.0,0.0,0.0,0.0,36,216.96826840591956,39.54482078552246,1,0.093536376953125,5.986328125,0.0,0,1,1,0.0,0.0,0.0,1.0,0.0,0.0,0.0
2,frozen_ddqn_seed5,0,NOOP,0.019068,0.0,0.017564,0,36,216.96826840591956,39.54482078552246,1,0.093536376953125,5.986328125,0.0,0,1,1,0.0,0.0,0.0,1.0,0.0,0.0,0.0,41,249.26577493288804,77.69203186035156,2,0.096588134765625,12.36328125,0.27621358640099514,0,2,2,0.0,0.0,0.5,0.5,0.0,0.0,0.0
3,frozen_ddqn_seed5,0,NOOP,0.018179,0.0,0.016754,0,41,249.26577493288804,77.69203186035156,2,0.096588134765625,12.36328125,0.27621358640099514,0,2,2,0.0,0.0,0.5,0.5,0.0,0.0,0.0,31,183.29319089789024,74.99480247497559,3,0.09276835123697917,17.8115234375,0.46630254345442274,0,3,3,0.0,0.0,0.6666666666666666,0.3333333333333333,0.0,0.0,0.0
4,frozen_ddqn_seed5,0,NOOP,0.018149,0.0,0.016409,0,31,183.29319089789024,74.99480247497559,3,0.09276835123697917,17.8115234375,0.46630254345442274,0,3,3,0.0,0.0,0.6666666666666666,0.3333333333333333,0.0,0.0,0.0,38,229.34139132787115,92.01169013977051,4,0.0932464599609375,23.87109375,0.3856214374561095,0,4,4,0.0,0.0,0.75,0.25,0.0,0.0,0.0
5,frozen_ddqn_seed5,0,NOOP,0.018652,0.0,0.01728,0,38,229.34139132787115,92.01169013977051,4,0.0932464599609375,23.87109375,0.3856214374561095,0,4,4,0.0,0.0,0.75,0.25,0.0,0.0,0.0,48,294.0907573041882,74.86343383789062,5,0.09638671875,30.84375,0.559898038164869,0,5,5,0.0,0.0,0.6,0.2,0.0,0.2,0.0
6,frozen_ddqn_seed5,0,NOOP,0.018491,0.0,0.01643,0,48,294.0907573041882,74.86343383789062,5,0.09638671875,30.84375,0.559898038164869,0,5,5,0.0,0.0,0.6,0.2,0.0,0.2,0.0,38,220.11870511545686,110.55254936218262,6,0.09620412190755208,36.9423828125,0.5016054762890656,0,6,6,0.0,0.0,0.6666666666666666,0.16666666666666666,0.0,0.16666666666666666,0.0
7,frozen_ddqn_seed5,0,NOOP,0.018746,0.0,0.016848,0,38,220.11870511545686,110.55254936218262,6,0.09620412190755208,36.9423828125,0.5016054762890656,0,6,6,0.0,0.0,0.6666666666666666,0.16666666666666666,0.0,0.16666666666666666,0.0,48,283.8072113880047,103.65176200866699,7,0.09810747419084821,43.9521484375,0.5599507690380285,0,7,7,0.0,0.0,0.7142857142857143,0.14285714285714285,0.0,0.14285714285714285,0.0
8,frozen_ddqn_seed5,0,NOOP,0.018448,0.0,0.017475,0,48,283.8072113880047,103.65176200866699,7,0.09810747419084821,43.9521484375,0.5599507690380285,0,7,7,0.0,0.0,0.7142857142857143,0.14285714285714285,0.0,0.14285714285714285,0.0,35,199.84105354437256,58.65216255187988,8,0.09723854064941406,49.7861328125,0.5417509310368125,0,8,8,0.0,0.0,0.625,0.125,0.0,0.125,0.125
9,frozen_ddqn_seed5,0,NOOP,0.018489,0.0,0.016529,0,35,199.84105354437256,58.65216255187988,8,0.09723854064941406,49.7861328125,0.5417509310368125,0,8,8,0.0,0.0,0.625,0.125,0.0,0.125,0.125,45,261.6653704265947,109.24959182739258,9,0.0980716281467014,56.4892578125,0.5314058810650942,0,9,9,0.0,0.0,0.6666666666666666,0.1111111111111111,0.0,0.1111111111111111,0.1111111111111111
10,frozen_ddqn_seed5,0,NOOP,0.018426,0.0,0.016455,0,45,261.6653704265947,109.24959182739258,9,0.0980716281467014,56.4892578125,0.5314058810650942,0,9,9,0.0,0.0,0.6666666666666666,0.1111111111111111,0.0,0.1111111111111111,0.1111111111111111,42,254.4811631888015,111.04321479797363,10,0.0983795166015625,62.962890625,0.5048743543443137,0,10,10,0.0,0.0,0.7,0.1,0.0,0.1,0.1
11,frozen_ddqn_seed5,0,NOOP,0.018526,0.0,0.017451,0,42,254.4811631888015,111.04321479797363,10,0.0983795166015625,62.962890625,0.5048743543443137,0,10,10,0.0,0.0,0.7,0.1,0.0,0.1,0.1,49,300.825827113727,67.49701499938965,11,0.09950672496448863,70.052734375,0.5354030230015889,0,11,11,0.0,0.0,0.6363636363636364,0.09090909090909091,0.0,0.09090909090909091,0.18181818181818182
12,frozen_ddqn_seed5,0,NOOP,0.018355,0.0,0.014778,0,49,300.825827113727,67.49701499938965,11,0.09950672496448863,70.052734375,0.5354030230015889,0,11,11,0.0,0.0,0.6363636363636364,0.09090909090909091,0.0,0.09090909090909091,0.18181818181818182,39,244.92176115997233,193.87531280517578,12,0.09927622477213542,76.244140625,0.5130381925233974,0,12,12,0.0,0.0,0.6666666666666666,0.08333333333333333,0.0,0.08333333333333333,0.16666666666666666
13,frozen_ddqn_seed5,0,NOOP,0.018428,0.0,0.016222,0,39,244.92176115997233,193.87531280517578,12,0.09927622477213542,76.244140625,0.5130381925233974,0,12,12,0.0,0.0,0.6666666666666666,0.08333333333333333,0.0,0.08333333333333333,0.16666666666666666,50,261.1802448963325,126.52730941772461,13,0.1002643291766827,83.419921875,0.5415375083412549,0,13,13,0.0,0.0,0.6923076923076923,0.07692307692307693,0.0,0.07692307692307693,0.15384615384615385
14,frozen_ddqn_seed5,0,NOOP,0.018394,0.0,0.016128,0,50,261.1802448963325,126.52730941772461,13,0.1002643291766827,83.419921875,0.5415375083412549,0,13,13,0.0,0.0,0.6923076923076923,0.07692307692307693,0.0,0.07692307692307693,0.15384615384615385,46,271.5268004283903,130.77712059020996,14,0.10071890694754464,90.244140625,0.5315579075037031,0,14,14,0.0,0.0,0.7142857142857143,0.07142857142857142,0.0,0.07142857142857142,0.14285714285714285
15,frozen_ddqn_seed5,0,NOOP,0.018228,0.0,0.017098,0,46,271.5268004283903,130.77712059020996,14,0.10071890694754464,90.244140625,0.5315579075037031,0,14,14,0.0,0.0,0.7142857142857143,0.07142857142857142,0.0,0.07142857142857142,0.14285714285714285,40,230.7583416202804,75.21176338195801,15,0.1005126953125,96.4921875,0.5147659874817142,0,15,15,0.0,0.0,0.6666666666666666,0.06666666666666667,0.0,0.06666666666666667,0.2
16,frozen_ddqn_seed5,0,NOOP,0.018237,0.0,0.015562,0,40,230.7583416202804,75.21176338195801,15,0.1005126953125,96.4921875,0.5147659874817142,0,15,15,0.0,0.0,0.6666666666666666,0.06666666666666667,0.0,0.06666666666666667,0.2,49,287.69450090429075,153.72776985168457,16,0.10118484497070312,103.61328125,0.5262381712247829,0,16,16,0.0,0.0,0.625,0.0625,0.0625,0.0625,0.1875
17,frozen_ddqn_seed5,0,NOOP,0.018045,0.0,0.014934,0,49,287.69450090429075,153.72776985168457,16,0.10118484497070312,103.61328125,0.5262381712247829,0,16,16,0.0,0.0,0.625,0.0625,0.0625,0.0625,0.1875,38,230.49692398022785,176.77545547485352,17,0.10084892721737132,109.7236328125,0.5171808443375057,0,17,17,0.0,0.0,0.5882352941176471,0.058823529411764705,0.11764705882352941,0.058823529411764705,0.17647058823529413
18,frozen_ddqn_seed5,2,COMPACT_64KB,0.132622,-0.05,0.109877,0,38,230.49692398022785,176.77545547485352,17,0.10084892721737132,109.7236328125,0.5171808443375057,0,17,17,0.0,0.0,0.5882352941176471,0.058823529411764705,0.11764705882352941,0.058823529411764705,0.17647058823529413,41,244.49211643506473,60.16802787780762,2,0.5564041137695312,71.2197265625,3.369115220126138,0,0,18,0.0,0.0,0.5555555555555556,0.05555555555555555,0.16666666666666666,0.05555555555555555,0.16666666666666666
19,frozen_ddqn_seed5,0,NOOP,0.081338,0.0,0.07991,0,41,244.49211643506473,60.16802787780762,2,0.5564041137695312,71.2197265625,3.369115220126138,0,0,18,0.0,0.0,0.5555555555555556,0.05555555555555555,0.16666666666666666,0.05555555555555555,0.16666666666666666,50,291.55335095224126,75.14452934265137,3,0.4085642496744792,78.4443359375,16.56048555419405,0,1,19,0.0,0.0,0.5789473684210527,0.05263157894736842,0.15789473684210525,0.05263157894736842,0.15789473684210525
20,frozen_ddqn_seed5,0,NOOP,0.065572,0.0,0.064148,0,50,291.55335095224126,75.14452934265137,3,0.4085642496744792,78.4443359375,16.56048555419405,0,1,19,0.0,0.0,0.5789473684210527,0.05263157894736842,0.15789473684210525,0.05263157894736842,0.15789473684210525,39,226.02336535764474,76.22313499450684,4,0.33036041259765625,84.572265625,16.82364544151091,0,2,20,0.0,0.0,0.6,0.05,0.15,0.05,0.15
21,frozen_ddqn_seed5,6,PARTITION_EVENT_TYPE,-0.126166,-0.1,0.053785,0,39,226.02336535764474,76.22313499450684,4,0.33036041259765625,84.572265625,16.82364544151091,0,2,20,0.0,0.0,0.6,0.05,0.15,0.05,0.15,31,182.67309934783404,99.58386421203613,5,0.28138427734375,90.04296875,16.16789654284526,3,3,0,0.0,0.0,0.65,0.0,0.15,0.05,0.15
22,frozen_ddqn_seed5,0,NOOP,0.038564,-0.081931,0.036649,0,31,182.67309934783404,99.58386421203613,5,0.28138427734375,90.04296875,16.16789654284526,3,3,0,0.0,0.0,0.65,0.0,0.15,0.05,0.15,37,182.7884807010518,105.73291778564453,8,0.19782066345214844,101.2841796875,14.287964835088987,3,4,1,0.0,0.0,0.65,0.0,0.15,0.05,0.15
23,frozen_ddqn_seed5,0,NOOP,0.030442,-0.078321,0.028404,0,37,182.7884807010518,105.73291778564453,8,0.19782066345214844,101.2841796875,14.287964835088987,3,4,1,0.0,0.0,0.65,0.0,0.15,0.05,0.15,31,120.37589768040402,115.68236351013184,11,0.15908674760298294,111.9970703125,12.690858882688973,3,5,2,0.0,0.0,0.6,0.05,0.15,0.05,0.15
24,frozen_ddqn_seed5,0,NOOP,0.025894,-0.073645,0.023712,0,31,120.37589768040402,115.68236351013184,11,0.15908674760298294,111.9970703125,12.690858882688973,3,5,2,0.0,0.0,0.6,0.05,0.15,0.05,0.15,44,231.42641668432728,126.62005424499512,14,0.13822174072265625,123.8466796875,11.454801731551317,3,6,3,0.0,0.0,0.6,0.05,0.15,0.05,0.15
25,frozen_ddqn_seed5,0,NOOP,0.022609,-0.070523,0.020231,0,44,231.42641668432728,126.62005424499512,14,0.13822174072265625,123.8466796875,11.454801731551317,3,6,3,0.0,0.0,0.6,0.05,0.15,0.05,0.15,32,154.63441970210883,140.19012451171875,17,0.1236715877757353,134.5546875,10.536579540719792,3,7,4,0.0,0.0,0.65,0.05,0.15,0.0,0.15
26,frozen_ddqn_seed5,2,COMPACT_64KB,0.077068,-0.089083,0.052979,0,32,154.63441970210883,140.19012451171875,17,0.1236715877757353,134.5546875,10.536579540719792,3,7,4,0.0,0.0,0.65,0.05,0.15,0.0,0.15,37,195.10058433656178,132.38120079040527,6,0.2811330159505208,107.955078125,18.945201057447143,3,0,5,0.0,0.0,0.65,0.05,0.15,0.0,0.15
27,frozen_ddqn_seed5,0,NOOP,0.040451,-0.038834,0.038478,0,37,195.10058433656178,132.38120079040527,6,0.2811330159505208,107.955078125,18.945201057447143,3,0,5,0.0,0.0,0.65,0.05,0.15,0.0,0.15,43,242.66714028147788,109.90619659423828,9,0.2078823513454861,119.740234375,16.555235034320475,3,1,6,0.0,0.0,0.65,0.05,0.15,0.0,0.15
28,frozen_ddqn_seed5,0,NOOP,0.032745,-0.039182,0.030683,0,43,242.66714028147788,109.90619659423828,9,0.2078823513454861,119.740234375,16.555235034320475,3,1,6,0.0,0.0,0.65,0.05,0.15,0.0,0.15,43,241.8464723724827,118.09992790222168,12,0.17122395833333334,131.5,14.757986427189254,3,2,7,0.0,0.0,0.7,0.05,0.15,0.0,0.1
29,frozen_ddqn_seed5,0,NOOP,0.027823,-0.03904,0.024785,0,43,241.8464723724827,118.09992790222168,12,0.17122395833333334,131.5,14.757986427189254,3,2,7,0.0,0.0,0.7,0.05,0.15,0.0,0.1,36,204.11066142179325,170.66478729248047,15,0.1484893798828125,142.5498046875,13.429367457510345,3,3,8,0.0,0.0,0.7,0.05,0.15,0.0,0.1
30,frozen_ddqn_seed5,0,NOOP,0.024618,-0.039481,0.023153,0,36,204.11066142179325,170.66478729248047,15,0.1484893798828125,142.5498046875,13.429367457510345,3,3,8,0.0,0.0,0.7,0.05,0.15,0.0,0.1,48,228.28240688770737,95.79086303710938,18,0.1343417697482639,154.76171875,12.37918955808184,3,4,9,0.0,0.0,0.65,0.05,0.15,0.0,0.15
31,frozen_ddqn_seed5,2,COMPACT_64KB,0.11587,-0.089625,0.0928,0,48,228.28240688770737,95.79086303710938,18,0.1343417697482639,154.76171875,12.37918955808184,3,4,9,0.0,0.0,0.65,0.05,0.15,0.0,0.15,50,274.21565884134304,78.9632797241211,4,0.4738960266113281,121.3173828125,17.64007013133619,3,0,10,0.0,0.0,0.7,0.05,0.15,0.0,0.1
32,frozen_ddqn_seed5,0,NOOP,0.05851,-0.039576,0.056659,0,50,274.21565884134304,78.9632797241211,4,0.4738960266113281,121.3173828125,17.64007013133619,3,0,10,0.0,0.0,0.7,0.05,0.15,0.0,0.1,42,231.88873180479098,101.33576393127441,7,0.2969273158482143,133.0234375,18.85740670192287,3,1,11,0.0,0.0,0.7,0.05,0.15,0.0,0.1
33,frozen_ddqn_seed5,0,NOOP,0.044123,0.33762,0.243858,0,42,231.88873180479098,101.33576393127441,7,0.2969273158482143,133.0234375,18.85740670192287,3,1,11,0.0,0.0,0.7,0.05,0.15,0.0,0.1,47,255.62123941083183,75.75035095214844,10,0.2268646240234375,145.193359375,17.014857729499074,3,2,12,0.67,0.0335,0.65,0.05,0.15,0.05,0.1
34,frozen_ddqn_seed5,0,NOOP,0.0362,-0.03904,0.033793,0,47,255.62123941083183,75.75035095214844,10,0.2268646240234375,145.193359375,17.014857729499074,3,2,12,0.67,0.0335,0.65,0.05,0.15,0.05,0.1,46,245.05662754661384,136.5950107574463,13,0.18912682166466346,157.353515625,15.44085883095445,3,3,13,0.0,0.0335,0.65,0.05,0.15,0.05,0.1
35,frozen_ddqn_seed5,0,NOOP,0.030901,0.337861,0.230981,0,46,245.05662754661384,136.5950107574463,13,0.18912682166466346,157.353515625,15.44085883095445,3,3,13,0.0,0.0335,0.65,0.05,0.15,0.05,0.1,36,203.3371901360654,65.9952163696289,16,0.1645069122314453,168.455078125,14.225248347250373,3,4,14,0.67,0.067,0.65,0.05,0.15,0.1,0.05
36,frozen_ddqn_seed5,0,NOOP,0.027102,-0.039134,0.024484,0,36,203.3371901360654,65.9952163696289,16,0.1645069122314453,168.455078125,14.225248347250373,3,4,14,0.67,0.067,0.65,0.05,0.15,0.1,0.05,31,175.9841480382656,154.64091300964355,19,0.14738384046052633,179.21875,13.248164537539946,3,5,15,0.0,0.067,0.65,0.05,0.15,0.1,0.05
37,frozen_ddqn_seed5,2,COMPACT_64KB,0.13291,-0.08917,0.109661,0,31,175.9841480382656,154.64091300964355,19,0.14738384046052633,179.21875,13.248164537539946,3,5,15,0.0,0.067,0.65,0.05,0.15,0.1,0.05,49,273.3761326331359,87.88204193115234,4,0.5590934753417969,143.1279296875,16.966300312157724,3,0,16,0.0,0.067,0.7,0.05,0.1,0.1,0.05
38,frozen_ddqn_seed5,0,NOOP,0.067895,-0.039379,0.064385,0,49,273.3761326331359,87.88204193115234,4,0.5590934753417969,143.1279296875,16.966300312157724,3,0,16,0.0,0.067,0.7,0.05,0.1,0.1,0.05,33,181.7571022242299,184.24463272094727,7,0.3438480922154018,154.0439453125,20.96720123906226,3,1,17,0.0,0.067,0.75,0.05,0.05,0.1,0.05
39,frozen_ddqn_seed5,0,NOOP,0.050521,-0.039235,0.048417,0,33,181.7571022242299,184.24463272094727,7,0.3438480922154018,154.0439453125,20.96720123906226,3,1,17,0.0,0.067,0.75,0.05,0.05,0.1,0.05,41,196.4596819245836,117.73538589477539,10,0.258856201171875,165.66796875,19.236879587748433,3,2,18,0.0,0.067,0.75,0.05,0.05,0.1,0.05
40,frozen_ddqn_seed5,0,NOOP,0.041002,-0.038976,0.038867,0,41,196.4596819245836,117.73538589477539,10,0.258856201171875,165.66796875,19.236879587748433,3,2,18,0.0,0.067,0.75,0.05,0.05,0.1,0.05,41,218.67556459816888,122.99346923828125,13,0.21313359187199518,177.3271484375,17.567142318569942,3,3,19,0.0,0.067,0.75,0.05,0.05,0.1,0.05
41,frozen_ddqn_seed5,0,NOOP,0.034887,-0.038656,0.032679,0,41,218.67556459816888,122.99346923828125,13,0.21313359187199518,177.3271484375,17.567142318569942,3,3,19,0.0,0.067,0.75,0.05,0.05,0.1,0.05,40,219.07175464070448,130.40494918823242,16,0.18443679809570312,188.86328125,16.20349753775255,3,4,20,0.0,0.067,0.75,0.05,0.05,0.1,0.05
42,frozen_ddqn_seed5,0,NOOP,0.030622,-0.038793,0.028205,0,40,219.07175464070448,130.40494918823242,16,0.18443679809570312,188.86328125,16.20349753775255,3,4,20,0.0,0.067,0.75,0.05,0.05,0.1,0.05,43,232.0246388184894,144.6075439453125,19,0.16498605828536184,200.623046875,15.091118039643925,3,5,21,0.0,0.067,0.75,0.05,0.05,0.1,0.05
43,frozen_ddqn_seed5,0,NOOP,0.027295,-0.038725,0.023749,0,43,232.0246388184894,144.6075439453125,19,0.16498605828536184,200.623046875,15.091118039643925,3,5,21,0.0,0.067,0.75,0.05,0.05,0.1,0.05,33,173.84842589161795,204.76412773132324,22,0.1502227783203125,211.513671875,14.184618056008803,3,6,22,0.0,0.067,0.8,0.0,0.05,0.1,0.05
44,frozen_ddqn_seed5,0,NOOP,0.024782,-0.03857,0.022116,0,33,173.84842589161795,204.76412773132324,22,0.1502227783203125,211.513671875,14.184618056008803,3,6,22,0.0,0.067,0.8,0.0,0.05,0.1,0.05,43,228.47108183430453,164.54505920410156,25,0.1395367431640625,223.2587890625,13.405857752446577,3,7,23,0.0,0.067,0.8,0.0,0.05,0.1,0.05
45,frozen_ddqn_seed5,0,NOOP,0.022732,-0.038751,0.019791,0,43,228.47108183430453,164.54505920410156,25,0.1395367431640625,223.2587890625,13.405857752446577,3,7,23,0.0,0.067,0.8,0.0,0.05,0.1,0.05,43,158.69774890472155,182.053804397583,28,0.13116073608398438,235.0400390625,12.743621387559912,3,8,24,0.0,0.067,0.75,0.05,0.05,0.1,0.05
46,frozen_ddqn_seed5,0,NOOP,0.021057,0.338339,0.221105,0,43,158.69774890472155,182.053804397583,28,0.13116073608398438,235.0400390625,12.743621387559912,3,8,24,0.0,0.067,0.75,0.05,0.05,0.1,0.05,48,264.5831256899543,86.32588386535645,31,0.1246579077935988,247.3212890625,12.162086516835014,3,9,25,0.67,0.1005,0.7,0.05,0.05,0.15,0.05
47,frozen_ddqn_seed5,0,NOOP,0.019483,-0.03844,0.016875,0,48,264.5831256899543,86.32588386535645,31,0.1246579077935988,247.3212890625,12.162086516835014,3,9,25,0.67,0.1005,0.7,0.05,0.05,0.15,0.05,33,184.23789113871482,172.86968231201172,34,0.11866356344784007,258.2119140625,11.665359167778492,3,10,26,0.0,0.1005,0.65,0.1,0.05,0.15,0.05
48,frozen_ddqn_seed5,2,COMPACT_64KB,0.135674,-0.088592,0.112032,0,33,184.23789113871482,172.86968231201172,34,0.11866356344784007,258.2119140625,11.665359167778492,3,10,26,0.0,0.1005,0.65,0.1,0.05,0.15,0.05,44,227.40582249593982,108.83736610412598,5,0.573541259765625,183.533203125,16.888505611790197,3,0,27,0.0,0.1005,0.65,0.1,0.05,0.15,0.05
49,frozen_ddqn_seed5,5,PARTITION_REGION,-0.106334,-0.138472,0.073555,0,44,227.40582249593982,108.83736610412598,5,0.573541259765625,183.533203125,16.888505611790197,3,0,27,0.0,0.1005,0.65,0.1,0.05,0.15,0.05,47,250.22884763800317,106.42290115356445,8,0.3824195861816406,195.798828125,21.175112786509786,2,1,0,0.0,0.1005,0.65,0.1,0.05,0.15,0.05
50,frozen_ddqn_seed5,0,NOOP,0.057296,-0.072264,0.056076,0,47,250.22884763800317,106.42290115356445,8,0.3824195861816406,195.798828125,21.175112786509786,2,1,0,0.0,0.1005,0.65,0.1,0.05,0.15,0.05,31,148.49501603457256,74.75090026855469,11,0.2933557683771307,206.5224609375,20.22918078010114,2,2,1,0.0,0.1005,0.65,0.1,0.05,0.15,0.05
51,frozen_ddqn_seed5,0,NOOP,0.047619,-0.068595,0.044747,0,31,148.49501603457256,74.75090026855469,11,0.2933557683771307,206.5224609375,20.22918078010114,2,2,1,0.0,0.1005,0.65,0.1,0.05,0.15,0.05,74,341.9594798418328,161.09037399291992,14,0.2468447004045759,221.1728515625,18.706730689086587,2,3,2,0.0,0.1005,0.65,0.1,0.05,0.15,0.05
52,frozen_ddqn_seed5,0,NOOP,0.040897,-0.066074,0.039321,0,74,341.9594798418328,161.09037399291992,14,0.2468447004045759,221.1728515625,18.706730689086587,2,3,2,0.0,0.1005,0.65,0.1,0.05,0.15,0.05,55,270.4226197453872,100.04091262817383,17,0.21511122759650736,234.041015625,17.465417189555883,2,4,3,0.0,0.1005,0.6,0.1,0.05,0.15,0.1
53,frozen_ddqn_seed5,2,COMPACT_64KB,0.441931,-0.091582,0.081791,0,55,270.4226197453872,100.04091262817383,17,0.21511122759650736,234.041015625,17.465417189555883,2,4,3,0.0,0.1005,0.6,0.1,0.05,0.15,0.1,56,285.12210499993324,62.45779991149902,8,0.4192008972167969,214.630859375,19.15295705982847,2,0,4,0.0,0.067,0.6,0.1,0.05,0.1,0.15
54,frozen_ddqn_seed5,0,NOOP,0.063536,-0.031623,0.061467,0,56,285.12210499993324,62.45779991149902,8,0.4192008972167969,214.630859375,19.15295705982847,2,0,4,0.0,0.067,0.6,0.1,0.05,0.1,0.15,65,321.1580217129071,117.22016334533691,11,0.3245572176846591,228.48828125,19.091788457170168,2,1,5,0.0,0.067,0.6,0.1,0.05,0.1,0.15
55,frozen_ddqn_seed5,0,NOOP,0.052475,-0.038523,0.050202,0,65,321.1580217129071,117.22016334533691,11,0.3245572176846591,228.48828125,19.091788457170168,2,1,5,0.0,0.067,0.6,0.1,0.05,0.1,0.15,72,363.1178777814919,131.17337226867676,14,0.2711268833705357,242.9296875,18.078796969584744,2,2,6,0.0,0.0335,0.65,0.1,0.05,0.05,0.15
56,frozen_ddqn_seed5,0,NOOP,0.045051,-0.028899,0.04251,0,72,363.1178777814919,131.17337226867676,14,0.2711268833705357,242.9296875,18.078796969584744,2,2,6,0.0,0.0335,0.65,0.1,0.05,0.05,0.15,63,320.5744109361693,148.2868194580078,17,0.23587933708639705,256.63671875,17.05654396671447,2,3,7,0.0,0.0335,0.7,0.1,0.0,0.05,0.15
57,frozen_ddqn_seed5,0,NOOP,0.039964,-0.027418,0.037527,0,63,320.5744109361693,148.2868194580078,17,0.23587933708639705,256.63671875,17.05654396671447,2,3,7,0.0,0.0335,0.7,0.1,0.0,0.05,0.15,79,399.23179781413523,146.83055877685547,20,0.21231765747070314,271.7666015625,16.083274475118607,2,4,8,0.0,0.0335,0.7,0.1,0.0,0.05,0.15
58,frozen_ddqn_seed5,3,COMPACT_128KB,0.090665,-0.073578,0.120618,0,79,399.23179781413523,146.83055877685547,20,0.21231765747070314,271.7666015625,16.083274475118607,2,4,8,0.0,0.0335,0.7,0.1,0.0,0.05,0.15,58,295.8354497187206,134.8564624786377,6,0.6195755004882812,237.9169921875,15.32633624513119,2,0,9,0.0,0.0335,0.7,0.1,0.0,0.05,0.15
59,frozen_ddqn_seed5,0,NOOP,0.085981,-0.018687,0.083705,0,58,295.8354497187206,134.8564624786377,6,0.6195755004882812,237.9169921875,15.32633624513119,2,0,9,0.0,0.0335,0.7,0.1,0.0,0.05,0.15,55,228.84497563608082,125.08440017700195,9,0.4355316162109375,250.8662109375,21.429536763995117,2,1,10,0.0,0.0335,0.7,0.1,0.0,0.05,0.15
60,frozen_ddqn_seed5,0,NOOP,0.068065,-0.018655,0.06591,0,55,228.84497563608082,125.08440017700195,9,0.4355316162109375,250.8662109375,21.429536763995117,2,1,10,0.0,0.0335,0.7,0.1,0.0,0.05,0.15,93,484.2675804018697,122.71332740783691,12,0.3478228251139323,267.1279296875,20.914886600180964,2,2,11,0.0,0.0335,0.7,0.1,0.0,0.05,0.15
61,frozen_ddqn_seed5,0,NOOP,0.056711,-0.01872,0.054262,0,93,484.2675804018697,122.71332740783691,12,0.3478228251139323,267.1279296875,20.914886600180964,2,2,11,0.0,0.0335,0.7,0.1,0.0,0.05,0.15,68,373.4391695668455,141.20221138000488,15,0.29293212890625,281.21484375,19.918996978682713,2,3,12,0.0,0.0335,0.7,0.1,0.0,0.05,0.15
62,frozen_ddqn_seed5,0,NOOP,0.048992,-0.018722,0.046366,0,68,373.4391695668455,141.20221138000488,15,0.29293212890625,281.21484375,19.918996978682713,2,3,12,0.0,0.0335,0.7,0.1,0.0,0.05,0.15,66,359.8557374321429,153.80597114562988,18,0.2562103271484375,295.154296875,18.870441339513373,2,4,13,0.0,0.0335,0.7,0.1,0.0,0.05,0.15
63,frozen_ddqn_seed5,3,COMPACT_128KB,0.167,-0.073681,0.198162,0,66,359.8557374321429,153.80597114562988,18,0.2562103271484375,295.154296875,18.870441339513373,2,4,13,0.0,0.0335,0.7,0.1,0.0,0.05,0.15,95,518.6598580925145,71.92492485046387,4,1.0314445495605469,264.0498046875,14.62724894161964,2,0,14,0.0,0.0335,0.7,0.1,0.0,0.05,0.15
64,frozen_ddqn_seed5,0,NOOP,0.123219,-0.018672,0.121317,0,95,518.6598580925145,71.92492485046387,4,1.0314445495605469,264.0498046875,14.62724894161964,2,0,14,0.0,0.0335,0.7,0.1,0.0,0.05,0.15,66,361.3990252996492,103.8968563079834,7,0.6204724993024554,277.9716796875,34.4011914421829,2,1,15,0.0,0.0335,0.7,0.1,0.0,0.05,0.15
65,frozen_ddqn_seed5,0,NOOP,0.090379,-0.018818,0.088266,0,66,361.3990252996492,103.8968563079834,7,0.6204724993024554,277.9716796875,34.4011914421829,2,1,15,0.0,0.0335,0.7,0.1,0.0,0.05,0.15,81,423.3070564752262,118.14332008361816,10,0.4581451416015625,293.212890625,32.69915486227752,2,2,16,0.0,0.0335,0.75,0.05,0.0,0.05,0.15
66,frozen_ddqn_seed5,0,NOOP,0.071897,-0.027147,0.06959,0,81,423.3070564752262,118.14332008361816,10,0.4581451416015625,293.212890625,32.69915486227752,2,2,16,0.0,0.0335,0.75,0.05,0.0,0.05,0.15,52,282.1250305597775,131.6242218017578,13,0.3676112248347356,305.8525390625,30.3846139702306,2,3,17,0.0,0.0,0.8,0.05,0.0,0.0,0.15
67,frozen_ddqn_seed5,0,NOOP,0.060794,-0.018982,0.056587,0,52,282.1250305597775,131.6242218017578,13,0.3676112248347356,305.8525390625,30.3846139702306,2,3,17,0.0,0.0,0.8,0.05,0.0,0.0,0.15,85,450.34812321179317,230.39579391479492,16,0.31397247314453125,321.5078125,28.168000940926863,2,4,18,0.0,0.0,0.85,0.0,0.0,0.0,0.15
68,frozen_ddqn_seed5,0,NOOP,0.052813,-0.018907,0.050298,0,85,450.34812321179317,230.39579391479492,16,0.31397247314453125,321.5078125,28.168000940926863,2,4,18,0.0,0.0,0.85,0.0,0.0,0.0,0.15,67,271.7329803291719,149.5368480682373,19,0.2759423506887336,335.5458984375,26.355534253454103,2,5,19,0.0,0.0,0.85,0.0,0.0,0.0,0.15
69,frozen_ddqn_seed5,3,COMPACT_128KB,0.167,-0.073654,0.19801,0,67,271.7329803291719,149.5368480682373,19,0.2759423506887336,335.5458984375,26.355534253454103,2,5,19,0.0,0.0,0.85,0.0,0.0,0.0,0.15,80,414.8673774324647,79.49995994567871,4,1.1751327514648438,300.833984375,21.696556193944275,2,0,20,0.0,0.0,0.85,0.0,0.0,0.0,0.15
70,frozen_ddqn_seed5,0,NOOP,0.14025,-0.018924,0.13822,0,80,414.8673774324647,79.49995994567871,4,1.1751327514648438,300.833984375,21.696556193944275,2,0,20,0.0,0.0,0.85,0.0,0.0,0.0,0.15,81,424.44832238913375,110.25357246398926,7,0.70562744140625,316.12109375,40.508778817628816,2,1,21,0.0,0.0,0.9,0.0,0.0,0.0,0.1
71,frozen_ddqn_seed5,0,NOOP,0.102708,0.357879,0.302404,0,81,424.44832238913375,110.25357246398926,7,0.70562744140625,316.12109375,40.508778817628816,2,1,21,0.0,0.0,0.9,0.0,0.0,0.0,0.1,95,470.02819280576216,77.69656181335449,10,0.5197906494140625,332.666015625,38.22599081625502,2,2,22,0.67,0.0335,0.85,0.05,0.0,0.0,0.1
72,frozen_ddqn_seed5,4,PARTITION_HOUR,-0.100007,-0.11916,0.079371,0,95,470.02819280576216,77.69656181335449,10,0.5197906494140625,332.666015625,38.22599081625502,2,2,22,0.67,0.0335,0.85,0.05,0.0,0.0,0.1,72,325.3756091569365,138.27061653137207,13,0.41718233548677885,347.095703125,35.384383586083906,1,3,0,0.0,0.0335,0.9,0.05,0.0,0.0,0.05
73,frozen_ddqn_seed5,0,NOOP,0.077993,-0.022287,0.08168,0,72,325.3756091569365,138.27061653137207,13,0.41718233548677885,347.095703125,35.384383586083906,1,3,0,0.0,0.0335,0.9,0.05,0.0,0.0,0.05,84,404.45172303351245,145.74241638183594,14,0.39871433803013395,357.248046875,34.28266108925592,1,4,1,0.020841423948220066,0.034542071197411005,0.95,0.05,0.0,0.0,0.0
74,frozen_ddqn_seed5,0,NOOP,0.07453,-0.010122,0.08322,0,84,404.45172303351245,145.74241638183594,14,0.39871433803013395,357.248046875,34.28266108925592,1,4,1,0.020841423948220066,0.034542071197411005,0.95,0.05,0.0,0.0,0.0,76,355.1101411786462,167.71936416625977,15,0.38202311197916666,366.7421875,33.293659935389634,1,5,2,0.03890063424947146,0.03648710290988458,0.95,0.05,0.0,0.0,0.0
75,frozen_ddqn_seed5,0,NOOP,0.071711,-0.002809,0.080347,0,76,355.1101411786462,167.71936416625977,15,0.38202311197916666,366.7421875,33.293659935389634,1,5,2,0.03890063424947146,0.03648710290988458,0.95,0.05,0.0,0.0,0.0,88,440.90708428150776,308.75706672668457,16,0.36855506896972656,377.400390625,32.348993725138776,1,6,3,0.04803719008264462,0.038888962414016806,0.9,0.05,0.05,0.0,0.0
76,frozen_ddqn_seed5,0,NOOP,0.069263,0.008579,0.08466,0,88,440.90708428150776,308.75706672668457,16,0.36855506896972656,377.400390625,32.348993725138776,1,6,3,0.04803719008264462,0.038888962414016806,0.9,0.05,0.05,0.0,0.0,93,372.87584802024253,218.89305114746094,17,0.35693808162913604,388.3486328125,31.471430731116108,1,7,4,0.06450189155107187,0.042114056991570406,0.85,0.05,0.1,0.0,0.0
77,frozen_ddqn_seed5,3,COMPACT_128KB,0.167,0.439761,0.473938,0,93,372.87584802024253,218.89305114746094,17,0.35693808162913604,388.3486328125,31.471430731116108,1,7,4,0.06450189155107187,0.042114056991570406,0.85,0.05,0.1,0.0,0.0,59,289.7127457063582,83.1143856048584,4,1.3945198059082031,356.9970703125,62.18209277275985,1,0,5,0.92,0.0881140569915704,0.85,0.05,0.1,0.0,0.0
78,frozen_ddqn_seed5,0,NOOP,0.199375,-0.023374,0.197983,0,59,289.7127457063582,83.1143856048584,4,1.3945198059082031,356.9970703125,62.18209277275985,1,0,5,0.92,0.0881140569915704,0.85,0.05,0.1,0.0,0.0,96,488.4392315558483,75.8509635925293,5,1.1505706787109375,368.1826171875,64.1774757543734,1,1,6,0.0,0.0881140569915704,0.8,0.05,0.1,0.0,0.05
79,frozen_ddqn_seed5,0,NOOP,0.196162,0.493607,0.4702,0,96,488.4392315558483,75.8509635925293,5,1.1505706787109375,368.1826171875,64.1774757543734,1,1,6,0.0,0.0881140569915704,0.8,0.05,0.1,0.0,0.05,82,424.53622469258323,105.58819770812988,6,0.98455810546875,378.0703125,63.02632436726483,1,2,7,0.92,0.1341140569915704,0.8,0.05,0.1,0.0,0.05
80,frozen_ddqn_seed5,0,NOOP,0.171348,0.493263,0.44538,0,82,424.53622469258323,105.58819770812988,6,0.98455810546875,378.0703125,63.02632436726483,1,2,7,0.92,0.1341140569915704,0.8,0.05,0.1,0.0,0.05,56,280.45160535396593,107.12122917175293,7,0.861114501953125,385.779296875,61.21419639456887,1,3,8,0.92,0.1801140569915704,0.8,0.05,0.1,0.0,0.05
81,frozen_ddqn_seed5,0,NOOP,0.152953,-0.024612,0.151561,0,56,280.45160535396593,107.12122917175293,7,0.861114501953125,385.779296875,61.21419639456887,1,3,8,0.92,0.1801140569915704,0.8,0.05,0.1,0.0,0.05,63,324.95431671839873,79.58722114562988,8,0.7697639465332031,394.119140625,59.036541133688495,1,4,9,0.0,0.1801140569915704,0.75,0.1,0.1,0.0,0.05
82,frozen_ddqn_seed5,0,NOOP,0.139681,-0.025175,0.138415,0,63,324.95431671839873,79.58722114562988,8,0.7697639465332031,394.119140625,59.036541133688495,1,4,9,0.0,0.1801140569915704,0.75,0.1,0.1,0.0,0.05,98,521.3765376507208,74.5398998260498,9,0.7040286593967013,405.5205078125,56.6475339451628,1,5,10,0.0,0.1801140569915704,0.7,0.1,0.1,0.0,0.1
83,frozen_ddqn_seed5,0,NOOP,0.128395,-0.02559,0.126835,0,98,521.3765376507208,74.5398998260498,9,0.7040286593967013,405.5205078125,56.6475339451628,1,5,10,0.0,0.1801140569915704,0.7,0.1,0.1,0.0,0.1,75,402.2222591604259,90.47150611877441,10,0.648223876953125,414.86328125,54.588922182454255,1,6,11,0.0,0.1801140569915704,0.65,0.15,0.1,0.0,0.1
84,frozen_ddqn_seed5,0,NOOP,0.119544,0.491421,0.393255,0,75,402.2222591604259,90.47150611877441,10,0.648223876953125,414.86328125,54.588922182454255,1,6,11,0.0,0.1801140569915704,0.65,0.15,0.1,0.0,0.1,92,379.74760121164644,128.22413444519043,11,0.6045962246981534,425.6357421875,52.6090649339996,1,7,12,0.92,0.22611405699157042,0.65,0.15,0.1,0.0,0.1
85,frozen_ddqn_seed5,0,NOOP,0.112235,0.490945,0.385997,0,92,379.74760121164644,128.22413444519043,11,0.6045962246981534,425.6357421875,52.6090649339996,1,7,12,0.92,0.22611405699157042,0.65,0.15,0.1,0.0,0.1,93,476.8130569456702,126.88231468200684,12,0.5686747233072916,436.7421875,50.78904279820405,1,8,13,0.92,0.27211405699157043,0.65,0.15,0.1,0.0,0.1
86,frozen_ddqn_seed5,0,NOOP,0.105089,-0.026803,0.103454,0,93,476.8130569456702,126.88231468200684,12,0.5686747233072916,436.7421875,50.78904279820405,1,8,13,0.92,0.27211405699157043,0.65,0.15,0.1,0.0,0.1,50,256.4827837555555,97.98908233642578,13,0.5335693359375,443.9296875,49.296942137014035,1,9,14,0.0,0.27211405699157043,0.6,0.2,0.1,0.0,0.1
87,frozen_ddqn_seed5,0,NOOP,0.099037,0.490435,0.372687,0,50,256.4827837555555,97.98908233642578,13,0.5335693359375,443.9296875,49.296942137014035,1,9,14,0.0,0.27211405699157043,0.6,0.2,0.1,0.0,0.1,54,285.1798657532211,135.01214981079102,14,0.503936767578125,451.52734375,47.89158661612063,1,10,15,0.92,0.3181140569915704,0.6,0.2,0.1,0.0,0.1
88,frozen_ddqn_seed5,0,NOOP,0.094542,0.48998,0.367983,0,54,285.1798657532211,135.01214981079102,14,0.503936767578125,451.52734375,47.89158661612063,1,10,15,0.92,0.3181140569915704,0.6,0.2,0.1,0.0,0.1,97,525.5062806687152,146.69108390808105,15,0.4820831298828125,462.7998046875,46.46630836131574,1,11,16,0.92,0.3641140569915704,0.6,0.2,0.1,0.0,0.1
89,frozen_ddqn_seed5,0,NOOP,0.090139,0.489662,0.363906,0,97,525.5062806687152,146.69108390808105,15,0.4820831298828125,462.7998046875,46.46630836131574,1,11,16,0.92,0.3641140569915704,0.6,0.2,0.1,0.0,0.1,70,371.7210635531365,131.66570663452148,16,0.4606952667236328,471.751953125,45.22339503296127,1,12,17,0.92,0.4101140569915704,0.6,0.2,0.1,0.0,0.1
90,frozen_ddqn_seed5,0,NOOP,0.086575,0.393637,0.308341,0,70,371.7210635531365,131.66570663452148,16,0.4606952667236328,471.751953125,45.22339503296127,1,12,17,0.92,0.4101140569915704,0.6,0.2,0.1,0.0,0.1,91,492.2777730486575,182.95955657958984,17,0.4435002944048713,482.5283203125,44.021825629943955,1,13,18,0.75,0.4476140569915704,0.55,0.2,0.15,0.0,0.1
91,frozen_ddqn_seed5,3,COMPACT_128KB,0.167,-0.091869,0.198514,0,91,492.2777730486575,182.95955657958984,17,0.4435002944048713,482.5283203125,44.021825629943955,1,13,18,0.75,0.4476140569915704,0.55,0.2,0.15,0.0,0.1,60,317.4641043301872,54.27837371826172,4,1.7559471130371094,449.5224609375,43.85652387027109,1,0,19,0.0,0.4141140569915704,0.55,0.15,0.15,0.0,0.15
92,frozen_ddqn_seed5,0,NOOP,0.199375,0.488616,0.473341,0,60,317.4641043301872,54.27837371826172,4,1.7559471130371094,449.5224609375,43.85652387027109,1,0,19,0.0,0.4141140569915704,0.55,0.15,0.15,0.0,0.15,94,500.64580095287437,107.93209075927734,5,1.4392242431640625,460.5517578125,59.135133052394664,1,1,20,0.92,0.4601140569915704,0.55,0.15,0.15,0.0,0.15
93,frozen_ddqn_seed5,0,NOOP,0.19925,0.488055,0.473334,0,94,500.64580095287437,107.93209075927734,5,1.4392242431640625,460.5517578125,59.135133052394664,1,1,20,0.92,0.4601140569915704,0.55,0.15,0.15,0.0,0.15,75,408.43638176652973,103.30438613891602,6,1.2234471638997395,469.8037109375,62.78394328306232,1,2,21,0.92,0.5050719857941595,0.55,0.15,0.15,0.0,0.15
94,frozen_ddqn_seed5,0,NOOP,0.199125,0.487553,0.472929,0,75,408.43638176652973,103.30438613891602,6,1.2234471638997395,469.8037109375,62.78394328306232,1,2,21,0.92,0.5050719857941595,0.55,0.15,0.15,0.0,0.15,71,381.4009636344542,118.57461929321289,7,1.0688520159040178,478.845703125,63.00876121988103,1,3,22,0.92,0.5491269540816858,0.55,0.15,0.15,0.0,0.15
95,frozen_ddqn_seed5,0,NOOP,0.188921,0.487241,0.462954,0,71,381.4009636344542,118.57461929321289,7,1.0688520159040178,478.845703125,63.00876121988103,1,3,22,0.92,0.5491269540816858,0.55,0.15,0.15,0.0,0.15,52,267.78124581790945,108.34765434265137,8,0.9496059417724609,486.1982421875,62.20044202997406,1,4,23,0.92,0.5927250945775536,0.6,0.15,0.1,0.0,0.15
96,frozen_ddqn_seed5,0,NOOP,0.171066,0.486749,0.444948,0,52,267.78124581790945,108.34765434265137,8,0.9496059417724609,486.1982421875,62.20044202997406,1,4,23,0.92,0.5927250945775536,0.6,0.15,0.1,0.0,0.15,77,393.8731479347239,117.13767051696777,9,0.8609551323784722,495.91015625,60.62174558676567,1,5,24,0.92,0.6355000000000001,0.65,0.15,0.05,0.0,0.15
97,frozen_ddqn_seed5,0,NOOP,0.157058,0.475727,0.430927,0,77,393.8731479347239,117.13767051696777,9,0.8609551323784722,495.91015625,60.62174558676567,1,5,24,0.92,0.6355000000000001,0.65,0.15,0.05,0.0,0.15,91,466.6902211657912,119.08912658691406,10,0.7915420532226562,506.5869140625,58.855888539110225,1,6,25,0.92,0.6355000000000001,0.65,0.15,0.05,0.0,0.15
98,frozen_ddqn_seed5,0,NOOP,0.145356,0.486943,0.419189,0,91,466.6902211657912,119.08912658691406,10,0.7915420532226562,506.5869140625,58.855888539110225,1,6,25,0.92,0.6355000000000001,0.65,0.15,0.05,0.0,0.15,81,429.04091653027825,122.07746505737305,11,0.7336536754261364,516.4921875,57.17166786557233,1,7,26,0.92,0.6815,0.7,0.15,0.05,0.0,0.1
99,frozen_ddqn_seed5,0,NOOP,0.135889,0.475121,0.408869,0,81,429.04091653027825,122.07746505737305,11,0.7336536754261364,516.4921875,57.17166786557233,1,7,26,0.92,0.6815,0.7,0.15,0.05,0.0,0.1,95,498.7050853142792,165.98987579345703,12,0.6869455973307291,527.57421875,55.485911555436594,1,8,27,0.92,0.6815,0.7,0.15,0.05,0.0,0.1
100,frozen_ddqn_seed5,0,NOOP,0.127641,0.474846,0.401313,0,95,498.7050853142792,165.98987579345703,12,0.6869455973307291,527.57421875,55.485911555436594,1,8,27,0.92,0.6815,0.7,0.15,0.05,0.0,0.1,84,368.13861144054295,132.66420364379883,13,0.6463294396033654,537.74609375,53.944146407784515,1,9,28,0.92,0.6815,0.7,0.15,0.05,0.0,0.1
101,frozen_ddqn_seed5,0,NOOP,0.120706,0.486049,0.394165,0,84,368.13861144054295,132.66420364379883,13,0.6463294396033654,537.74609375,53.944146407784515,1,9,28,0.92,0.6815,0.7,0.15,0.05,0.0,0.1,93,489.1801212948146,144.52767372131348,14,0.6122796194893974,548.6025390625,52.465332252148265,1,10,29,0.92,0.7275,0.75,0.1,0.05,0.0,0.1
102,frozen_ddqn_seed5,0,NOOP,0.114222,-0.031659,0.11241,0,93,489.1801212948146,144.52767372131348,14,0.6122796194893974,548.6025390625,52.465332252148265,1,10,29,0.92,0.7275,0.75,0.1,0.05,0.0,0.1,67,320.4285114845018,109.34305191040039,15,0.5804829915364583,557.263671875,51.16750355774694,1,11,30,0.0,0.7274999999999999,0.75,0.15,0.05,0.0,0.05
103,frozen_ddqn_seed5,0,NOOP,0.10859,0.390004,0.33045,0,67,320.4285114845018,109.34305191040039,15,0.5804829915364583,557.263671875,51.16750355774694,1,11,30,0.0,0.7274999999999999,0.75,0.15,0.05,0.0,0.05,70,372.77968511934995,176.96738243103027,16,0.552947998046875,566.21875,49.932557907925286,1,12,31,0.75,0.765,0.75,0.1,0.1,0.0,0.05
104,frozen_ddqn_seed5,0,NOOP,0.103521,0.473937,0.376547,0,70,372.77968511934995,176.96738243103027,16,0.552947998046875,566.21875,49.932557907925286,1,12,31,0.75,0.765,0.75,0.1,0.1,0.0,0.05,65,351.26273285043203,169.9535846710205,17,0.528228759765625,574.712890625,48.78503414899024,1,13,32,0.92,0.765,0.75,0.1,0.1,0.0,0.05
105,frozen_ddqn_seed5,2,COMPACT_64KB,0.558091,-0.093712,0.196878,0,65,351.26273285043203,169.9535846710205,17,0.528228759765625,574.712890625,48.78503414899024,1,13,32,0.92,0.765,0.75,0.1,0.1,0.0,0.05,51,272.1761597510189,116.1203384399414,8,1.080709457397461,553.3232421875,33.07840679240964,1,0,33,0.0,0.7190000000000001,0.7,0.1,0.1,0.05,0.05
106,frozen_ddqn_seed5,0,NOOP,0.194682,-0.032468,0.191651,0,51,272.1761597510189,116.1203384399414,8,1.080709457397461,553.3232421875,33.07840679240964,1,0,33,0.0,0.7190000000000001,0.7,0.1,0.1,0.05,0.05,90,462.2043293160004,162.78648376464844,9,0.979034423828125,563.923828125,36.5855366181676,1,1,34,0.0,0.7190000000000001,0.7,0.1,0.1,0.05,0.05
107,frozen_ddqn_seed5,0,NOOP,0.177249,-0.044109,0.175885,0,90,462.2043293160004,162.78648376464844,9,0.979034423828125,563.923828125,36.5855366181676,1,1,34,0.0,0.7190000000000001,0.7,0.1,0.1,0.05,0.05,51,247.68135166178814,80.71589469909668,10,0.8924957275390625,571.197265625,38.68496255956831,1,2,35,0.0,0.6729999999999999,0.65,0.15,0.1,0.05,0.05
108,frozen_ddqn_seed5,0,NOOP,0.16414,-0.044378,0.162512,0,51,247.68135166178814,80.71589469909668,10,0.8924957275390625,571.197265625,38.68496255956831,1,2,35,0.0,0.6729999999999999,0.65,0.15,0.1,0.05,0.05,99,526.6439336577645,95.19410133361816,11,0.8275770707563921,582.6142578125,39.20151965848484,1,3,36,0.0,0.627,0.6,0.15,0.1,0.1,0.05
109,frozen_ddqn_seed5,0,NOOP,0.153039,-0.044615,0.151407,0,99,526.6439336577645,95.19410133361816,11,0.8275770707563921,582.6142578125,39.20151965848484,1,3,36,0.0,0.627,0.6,0.15,0.1,0.1,0.05,90,474.3191376275207,96.61269187927246,12,0.7726949055989584,593.4296875,39.307787387839525,1,4,37,0.0,0.581,0.55,0.2,0.1,0.1,0.05
110,frozen_ddqn_seed5,0,NOOP,0.143254,-0.04268,0.141587,0,90,474.3191376275207,96.61269187927246,12,0.7726949055989584,593.4296875,39.307787387839525,1,4,37,0.0,0.581,0.55,0.2,0.1,0.1,0.05,74,408.0051529993874,99.57075119018555,13,0.7243934044471154,602.6953125,39.25013484414572,1,5,38,0.0,0.5435000000000001,0.55,0.25,0.05,0.1,0.05
111,frozen_ddqn_seed5,0,NOOP,0.134387,-0.033432,0.132627,0,74,408.0051529993874,99.57075119018555,13,0.7243934044471154,602.6953125,39.25013484414572,1,5,38,0.0,0.5435000000000001,0.55,0.25,0.05,0.1,0.05,50,268.8418588612033,105.50618171691895,14,0.6806858607700893,609.89453125,39.13584722294116,1,6,39,0.0,0.5435000000000001,0.55,0.3,0.05,0.1,0.0
112,frozen_ddqn_seed5,0,NOOP,0.126931,-0.04509,0.125063,0,50,268.8418588612033,105.50618171691895,14,0.6806858607700893,609.89453125,39.13584722294116,1,6,39,0.0,0.5435000000000001,0.55,0.3,0.05,0.1,0.0,64,323.18997906284875,112.13874816894531,15,0.6440287272135417,618.267578125,38.79140651366484,1,7,40,0.0,0.49749999999999994,0.5,0.35,0.05,0.1,0.0
113,frozen_ddqn_seed5,0,NOOP,0.120827,-0.045308,0.11828,0,64,323.18997906284875,112.13874816894531,15,0.6440287272135417,618.267578125,38.79140651366484,1,7,40,0.0,0.49749999999999994,0.5,0.35,0.05,0.1,0.0,90,458.8056069745649,147.36008644104004,16,0.6141357421875,628.875,38.24940986759826,1,8,41,0.0,0.45149999999999996,0.45,0.4,0.05,0.1,0.0
114,frozen_ddqn_seed5,0,NOOP,0.115391,-0.045513,0.113578,0,90,458.8056069745649,147.36008644104004,16,0.6141357421875,628.875,38.24940986759826,1,8,41,0.0,0.45149999999999996,0.45,0.4,0.05,0.1,0.0,87,387.4645727482679,111.85836791992188,17,0.5875782686121324,639.28515625,37.69204396855591,1,9,42,0.0,0.40549999999999997,0.4,0.45,0.05,0.1,0.0
115,frozen_ddqn_seed5,0,NOOP,0.110191,0.376216,0.331778,0,87,387.4645727482679,111.85836791992188,17,0.5875782686121324,639.28515625,37.69204396855591,1,9,42,0.0,0.40549999999999997,0.4,0.45,0.05,0.1,0.0,63,319.04474382596055,193.1626796722412,18,0.5622066921657987,647.662109375,37.20994661368136,1,10,43,0.75,0.397,0.35,0.45,0.1,0.1,0.0
116,frozen_ddqn_seed5,0,NOOP,0.105819,-0.045849,0.103913,0,63,319.04474382596055,193.1626796722412,18,0.5622066921657987,647.662109375,37.20994661368136,1,10,43,0.75,0.397,0.35,0.45,0.1,0.1,0.0,84,426.7631046299089,119.03858184814453,19,0.5409682424444902,657.8173828125,36.6437336584494,1,11,44,0.0,0.351,0.3,0.5,0.1,0.1,0.0
117,frozen_ddqn_seed5,2,COMPACT_64KB,0.557966,0.325872,0.421454,0,84,426.7631046299089,119.03858184814453,19,0.5409682424444902,657.8173828125,36.6437336584494,1,11,44,0.0,0.351,0.3,0.5,0.1,0.1,0.0,70,374.7170235141565,132.3087215423584,9,1.1013268364800348,634.3642578125,26.43826400208033,1,0,45,0.75,0.34249999999999997,0.25,0.5,0.15,0.1,0.0
118,frozen_ddqn_seed5,0,NOOP,0.19875,-0.046172,0.19713,0,70,374.7170235141565,132.3087215423584,9,1.1013268364800348,634.3642578125,26.43826400208033,1,0,45,0.75,0.34249999999999997,0.25,0.5,0.15,0.1,0.0,78,409.36731174938126,93.47748756408691,10,1.0063018798828125,644.033203125,31.482938337296755,1,1,46,0.0,0.2965,0.2,0.55,0.15,0.1,0.0
119,frozen_ddqn_seed5,0,NOOP,0.184172,-0.046325,0.182548,0,78,409.36731174938126,93.47748756408691,10,1.0063018798828125,644.033203125,31.482938337296755,1,1,46,0.0,0.2965,0.2,0.55,0.15,0.1,0.0,72,373.8021381703134,94.93470191955566,11,0.9277329878373579,653.1240234375,34.208065475205345,1,2,47,0.0,0.2505,0.15,0.6,0.15,0.1,0.0
120,frozen_ddqn_seed5,0,NOOP,0.170862,-0.046466,0.169184,0,72,373.8021381703134,94.93470191955566,11,0.9277329878373579,653.1240234375,34.208065475205345,1,2,47,0.0,0.2505,0.15,0.6,0.15,0.1,0.0,68,347.90476225327853,98.89864921569824,12,0.8618113199869791,661.87109375,35.74085709035193,1,3,48,0.0,0.2045,0.1,0.6,0.15,0.15,0.0
121,frozen_ddqn_seed5,0,NOOP,0.160202,-0.046662,0.158616,0,68,347.90476225327853,98.89864921569824,12,0.8618113199869791,661.87109375,35.74085709035193,1,3,48,0.0,0.2045,0.1,0.6,0.15,0.15,0.0,96,509.9825899286043,95.55649757385254,13,0.8091348501352164,673.2001953125,36.31406387317803,1,4,49,0.0,0.1585,0.05,0.65,0.15,0.15,0.0
122,frozen_ddqn_seed5,0,NOOP,0.150979,0.386529,0.372963,0,96,509.9825899286043,95.55649757385254,13,0.8091348501352164,673.2001953125,36.31406387317803,1,4,49,0.0,0.1585,0.05,0.65,0.15,0.15,0.0,93,375.30466073278984,168.28393936157227,14,0.7636435372488839,684.224609375,36.55055399778062,1,5,50,0.75,0.196,0.05,0.6,0.2,0.15,0.0
123,frozen_ddqn_seed5,5,PARTITION_REGION,-0.038979,-0.144887,0.141195,0,93,375.30466073278984,168.28393936157227,14,0.7636435372488839,684.224609375,36.55055399778062,1,5,50,0.75,0.196,0.05,0.6,0.2,0.15,0.0,86,447.3713412577144,100.9516716003418,15,0.7235687255859375,694.6259765625,36.594952601038244,2,6,0,0.0,0.1585,0.05,0.6,0.15,0.15,0.05
124,frozen_ddqn_seed5,0,NOOP,0.120677,-0.07864,0.120349,0,86,447.3713412577144,100.9516716003418,15,0.7235687255859375,694.6259765625,36.594952601038244,2,6,0,0.0,0.1585,0.05,0.6,0.15,0.15,0.05,60,271.37733100264524,117.9361343383789,18,0.6146367390950521,708.0615234375,36.88093700023053,2,7,1,0.005267295597484277,0.11276336477987421,0.0,0.65,0.15,0.15,0.05
125,frozen_ddqn_seed5,0,NOOP,0.1048,-0.063159,0.106175,0,60,271.37733100264524,117.9361343383789,18,0.6146367390950521,708.0615234375,36.88093700023053,2,7,1,0.005267295597484277,0.11276336477987421,0.0,0.65,0.15,0.15,0.05,65,318.0550130777971,120.7127571105957,21,0.5371253603980655,721.896484375,36.210714391753044,2,8,2,0.010880862673769,0.11330740791356267,0.0,0.7,0.15,0.1,0.05
126,frozen_ddqn_seed5,2,COMPACT_64KB,0.527142,-0.100211,0.165532,0,65,318.0550130777971,120.7127571105957,21,0.5371253603980655,721.896484375,36.210714391753044,2,8,2,0.010880862673769,0.11330740791356267,0.0,0.7,0.15,0.1,0.05,82,396.12565160404586,142.16089248657227,13,0.8483781080979568,705.8505859375,34.809827790774996,2,0,3,0.0,0.11330740791356267,0.05,0.65,0.15,0.1,0.05
127,frozen_ddqn_seed5,0,NOOP,0.138933,0.327447,0.33855,0,82,396.12565160404586,142.16089248657227,13,0.8483781080979568,705.8505859375,34.809827790774996,2,0,3,0.0,0.11330740791356267,0.05,0.65,0.15,0.1,0.05,86,421.64058109251755,89.1718864440918,16,0.7046670913696289,721.5791015625,36.88578845548378,2,1,4,0.67,0.14680740791356267,0.05,0.65,0.15,0.1,0.05
128,frozen_ddqn_seed5,0,NOOP,0.118823,-0.048706,0.117219,0,86,421.64058109251755,89.1718864440918,16,0.7046670913696289,721.5791015625,36.88578845548378,2,1,4,0.67,0.14680740791356267,0.05,0.65,0.15,0.1,0.05,81,397.04212585634247,103.90305519104004,19,0.605987548828125,736.880859375,36.85740959745818,2,2,5,0.0,0.14680740791356267,0.05,0.65,0.15,0.05,0.1
129,frozen_ddqn_seed5,0,NOOP,0.104324,0.32899,0.302981,0,81,397.04212585634247,103.90305519104004,19,0.605987548828125,736.880859375,36.85740959745818,2,2,5,0.0,0.14680740791356267,0.05,0.65,0.15,0.05,0.1,99,463.76906486953163,144.64735984802246,22,0.5353684858842329,753.798828125,36.05951422855619,2,3,6,0.67,0.18030740791356265,0.05,0.65,0.15,0.05,0.1
130,frozen_ddqn_seed5,0,NOOP,0.092863,0.329553,0.292636,0,99,463.76906486953163,144.64735984802246,22,0.5353684858842329,753.798828125,36.05951422855619,2,3,6,0.67,0.18030740791356265,0.05,0.65,0.15,0.05,0.1,67,249.07919225618204,92.58699417114258,25,0.4799383544921875,767.9013671875,35.12791189755708,2,4,7,0.67,0.21380740791356265,0.05,0.65,0.15,0.05,0.1
131,frozen_ddqn_seed5,2,COMPACT_64KB,0.550294,0.280384,0.390666,0,67,249.07919225618204,92.58699417114258,25,0.4799383544921875,767.9013671875,35.12791189755708,2,4,7,0.67,0.21380740791356265,0.05,0.65,0.15,0.05,0.1,99,468.9045683731487,91.84741973876953,12,0.9635149637858073,739.9794921875,29.857679124702486,2,0,8,0.67,0.24730740791356265,0.05,0.65,0.15,0.05,0.1
132,frozen_ddqn_seed5,0,NOOP,0.155308,0.330949,0.35499,0,99,468.9045683731487,91.84741973876953,12,0.9635149637858073,739.9794921875,29.857679124702486,2,0,8,0.67,0.24730740791356265,0.05,0.65,0.15,0.05,0.1,72,323.52847253022736,84.6562385559082,15,0.7859141031901041,754.4775390625,35.417424174523745,2,1,9,0.67,0.2808074079135626,0.05,0.65,0.15,0.05,0.1
133,frozen_ddqn_seed5,0,NOOP,0.131095,0.331455,0.33075,0,72,323.52847253022736,84.6562385559082,15,0.7859141031901041,754.4775390625,35.417424174523745,2,1,9,0.67,0.2808074079135626,0.05,0.65,0.15,0.05,0.1,62,299.04982307489735,89.74504470825195,18,0.6667226155598959,768.064453125,36.621602340218374,2,2,10,0.67,0.31430740791356265,0.05,0.65,0.15,0.05,0.1
134,frozen_ddqn_seed5,0,NOOP,0.113896,0.332045,0.313632,0,62,299.04982307489735,89.74504470825195,18,0.6667226155598959,768.064453125,36.621602340218374,2,2,10,0.67,0.31430740791356265,0.05,0.65,0.15,0.05,0.1,77,345.368575831363,89.44201469421387,21,0.5826052711123512,783.021484375,36.36905307525649,2,3,11,0.67,0.3478074079135626,0.05,0.65,0.15,0.05,0.1
135,frozen_ddqn_seed5,0,NOOP,0.100875,-0.053682,0.096769,0,77,345.368575831363,89.44201469421387,21,0.5826052711123512,783.021484375,36.36905307525649,2,3,11,0.67,0.3478074079135626,0.05,0.65,0.15,0.05,0.1,75,354.66162175325775,235.31460762023926,24,0.5193761189778646,797.76171875,35.63787662469069,2,4,12,0.0,0.31030740791356265,0.05,0.65,0.15,0.05,0.1
136,frozen_ddqn_seed5,2,COMPACT_64KB,0.557591,0.283108,0.398043,0,75,354.66162175325775,235.31460762023926,24,0.5193761189778646,797.76171875,35.63787662469069,2,4,12,0.0,0.31030740791356265,0.05,0.65,0.15,0.05,0.1,73,343.6321980465151,87.8603458404541,12,1.0055338541666667,772.25,26.597295310099632,2,0,13,0.67,0.3438074079135626,0.05,0.65,0.15,0.05,0.1
137,frozen_ddqn_seed5,0,NOOP,0.162105,0.324289,0.3617,0,73,343.6321980465151,87.8603458404541,12,1.0055338541666667,772.25,26.597295310099632,2,0,13,0.67,0.3438074079135626,0.05,0.65,0.15,0.05,0.1,76,368.6549690288617,89.00117874145508,15,0.8199015299479167,787.10546875,34.071666997818106,2,1,14,0.67,0.3398074079135626,0.05,0.7,0.1,0.05,0.1
138,frozen_ddqn_seed5,0,NOOP,0.137177,0.334293,0.336371,0,76,368.6549690288617,89.00117874145508,15,0.8199015299479167,787.10546875,34.071666997818106,2,1,14,0.67,0.3398074079135626,0.05,0.7,0.1,0.05,0.1,89,287.1213385195093,112.83564567565918,18,0.6971367730034722,803.1015625,35.81929404093476,2,2,15,0.67,0.37330740791356265,0.05,0.7,0.1,0.05,0.1
139,frozen_ddqn_seed5,0,NOOP,0.119071,-0.042075,0.117366,0,89,287.1213385195093,112.83564567565918,18,0.6971367730034722,803.1015625,35.81929404093476,2,2,15,0.67,0.37330740791356265,0.05,0.7,0.1,0.05,0.1,75,362.92366868410915,111.5114688873291,21,0.6084819975353423,817.7998046875,35.9664035626593,2,3,16,0.0,0.37330740791356265,0.05,0.65,0.1,0.05,0.15
140,frozen_ddqn_seed5,0,NOOP,0.105545,0.335393,0.305423,0,75,362.92366868410915,111.5114688873291,21,0.6084819975353423,817.7998046875,35.9664035626593,2,3,16,0.0,0.37330740791356265,0.05,0.65,0.1,0.05,0.15,87,401.6183934359471,86.10773086547852,24,0.5427252451578776,833.6259765625,35.41668044956684,2,4,17,0.67,0.4068074079135626,0.05,0.7,0.1,0.0,0.15
141,frozen_ddqn_seed5,2,COMPACT_64KB,0.551815,-0.091058,0.190198,0,87,401.6183934359471,86.10773086547852,24,0.5427252451578776,833.6259765625,35.41668044956684,2,4,17,0.67,0.4068074079135626,0.05,0.7,0.1,0.0,0.15,67,254.79072078394253,142.5776481628418,13,0.9717477651742789,808.494140625,26.716656640021917,2,0,18,0.0,0.40680740791356274,0.1,0.65,0.1,0.0,0.15
142,frozen_ddqn_seed5,0,NOOP,0.159109,0.327033,0.3587,0,67,254.79072078394253,142.5776481628418,13,0.9717477651742789,808.494140625,26.716656640021917,2,0,18,0.0,0.40680740791356274,0.1,0.65,0.1,0.0,0.15,94,412.7923477357724,90.44361114501953,16,0.8055438995361328,824.876953125,33.08119243778016,2,1,19,0.67,0.40280740791356273,0.1,0.7,0.05,0.0,0.15
143,frozen_ddqn_seed5,0,NOOP,0.135565,0.336818,0.335172,0,94,412.7923477357724,90.44361114501953,16,0.8055438995361328,824.876953125,33.08119243778016,2,1,19,0.67,0.40280740791356273,0.1,0.7,0.05,0.0,0.15,65,312.700445945202,93.43552589416504,19,0.6897020841899671,838.677734375,34.95005487843771,2,2,20,0.67,0.4363074079135627,0.1,0.75,0.05,0.0,0.1
144,frozen_ddqn_seed5,0,NOOP,0.118247,-0.039769,0.111752,0,65,312.700445945202,93.43552589416504,19,0.6897020841899671,838.677734375,34.95005487843771,2,2,20,0.67,0.4363074079135627,0.1,0.75,0.05,0.0,0.1,57,277.0249800118191,352.2837162017822,22,0.6049867109818892,851.8212890625,35.243629405092875,2,3,21,0.0,0.4360440431336885,0.1,0.7,0.1,0.0,0.1
145,frozen_ddqn_seed5,0,NOOP,0.105434,0.337621,0.304888,0,57,277.0249800118191,352.2837162017822,22,0.6049867109818892,851.8212890625,35.243629405092875,2,3,21,0.0,0.4360440431336885,0.1,0.7,0.1,0.0,0.1,97,439.0903300239917,108.55555534362793,25,0.5427960205078125,868.4736328125,34.75719941837579,2,4,22,0.67,0.46900000000000003,0.1,0.7,0.1,0.0,0.1
146,frozen_ddqn_seed5,2,COMPACT_64KB,0.546227,0.288307,0.386583,0,97,439.0903300239917,108.55555534362793,25,0.5427960205078125,868.4736328125,34.75719941837579,2,4,22,0.67,0.46900000000000003,0.1,0.7,0.1,0.0,0.1,93,444.79368369919575,95.14451026916504,14,0.9444307599748883,846.2099609375,26.932000937413594,2,0,23,0.67,0.5025000000000001,0.05,0.75,0.1,0.0,0.1
147,frozen_ddqn_seed5,0,NOOP,0.155868,0.330291,0.354441,0,93,444.79368369919575,95.14451026916504,14,0.9444307599748883,846.2099609375,26.932000937413594,2,0,23,0.67,0.5025000000000001,0.05,0.75,0.1,0.0,0.1,59,287.883331510776,142.61221885681152,17,0.7899654612821692,859.482421875,32.77191300282239,2,1,24,0.67,0.5025000000000001,0.05,0.75,0.1,0.0,0.1
148,frozen_ddqn_seed5,0,NOOP,0.134218,0.339136,0.333597,0,59,287.883331510776,142.61221885681152,17,0.7899654612821692,859.482421875,32.77191300282239,2,1,24,0.67,0.5025000000000001,0.05,0.75,0.1,0.0,0.1,84,376.6179106519806,106.0636043548584,20,0.6835914611816406,874.9970703125,34.366855208043,2,2,25,0.67,0.536,0.05,0.8,0.1,0.0,0.05
149,frozen_ddqn_seed5,0,NOOP,0.117753,0.331086,0.317174,0,84,376.6179106519806,106.0636043548584,20,0.6835914611816406,874.9970703125,34.366855208043,2,2,25,0.67,0.536,0.05,0.8,0.1,0.0,0.05,54,257.37131117176614,107.7120304107666,23,0.6031421163807744,887.8251953125,34.71039145612421,2,3,26,0.67,0.536,0.05,0.8,0.1,0.0,0.05
150,frozen_ddqn_seed5,0,NOOP,0.105246,-0.045355,0.102118,0,54,257.37131117176614,107.7120304107666,23,0.6031421163807744,887.8251953125,34.71039145612421,2,3,26,0.67,0.536,0.05,0.8,0.1,0.0,0.05,77,371.38435744553624,188.92192840576172,26,0.5424798818734976,902.6865234375,34.358325084324996,2,4,27,0.0,0.5025000000000001,0.1,0.75,0.1,0.0,0.05
151,frozen_ddqn_seed5,2,COMPACT_64KB,0.284504,0.282377,0.395168,0,77,371.38435744553624,188.92192840576172,26,0.5424798818734976,902.6865234375,34.358325084324996,2,4,27,0.0,0.5025000000000001,0.1,0.75,0.1,0.0,0.05,155,588.338090471907,79.7884464263916,14,0.9858169555664062,883.2919921875,24.32287973447101,2,0,28,0.67,0.5025000000000001,0.1,0.75,0.1,0.0,0.05
152,frozen_ddqn_seed5,0,NOOP,0.109396,-0.043263,0.10644,0,155,588.338090471907,79.7884464263916,14,0.9858169555664062,883.2919921875,24.32287973447101,2,0,28,0.67,0.5025000000000001,0.1,0.75,0.1,0.0,0.05,244,809.4473413628699,180.3288459777832,26,0.563232421875,937.21875,34.57569389281371,2,1,29,0.0,0.46900000000000003,0.1,0.7,0.1,0.0,0.1
153,frozen_ddqn_seed5,0,NOOP,0.082663,0.334345,0.282438,0,244,809.4473413628699,180.3288459777832,26,0.563232421875,937.21875,34.57569389281371,2,1,29,0.0,0.46900000000000003,0.1,0.7,0.1,0.0,0.1,153,558.4258885077455,104.9950122833252,35,0.43518807547433036,974.8212890625,32.846389702323485,2,2,30,0.67,0.46900000000000003,0.1,0.7,0.1,0.0,0.1
154,frozen_ddqn_seed5,0,NOOP,0.058798,0.335695,0.258525,0,153,558.4258885077455,104.9950122833252,35,0.43518807547433036,974.8212890625,32.846389702323485,2,2,30,0.67,0.46900000000000003,0.1,0.7,0.1,0.0,0.1,288,870.5770086462435,126.19543075561523,50,0.3252423095703125,1040.775390625,29.438643155807604,2,3,31,0.67,0.46900000000000003,0.1,0.7,0.1,0.0,0.1
155,frozen_ddqn_seed5,0,NOOP,0.049834,0.344831,0.24947,0,288,870.5770086462435,126.19543075561523,50,0.3252423095703125,1040.775390625,29.438643155807604,2,3,31,0.67,0.46900000000000003,0.1,0.7,0.1,0.0,0.1,171,615.1736044161895,141.9844627380371,59,0.2860464322364936,1080.111328125,27.709112061072272,2,4,32,0.67,0.5025000000000001,0.1,0.75,0.05,0.0,0.1
156,frozen_ddqn_seed5,3,COMPACT_128KB,0.54875,0.290284,0.398633,0,171,615.1736044161895,141.9844627380371,59,0.2860464322364936,1080.111328125,27.709112061072272,2,4,32,0.67,0.5025000000000001,0.1,0.75,0.05,0.0,0.1,273,833.7768988067629,68.35007667541504,10,1.51092529296875,966.9921875,30.825594815877135,2,0,33,0.67,0.5025000000000001,0.1,0.75,0.05,0.0,0.1
157,frozen_ddqn_seed5,0,NOOP,0.141871,0.345005,0.34165,0,273,833.7768988067629,68.35007667541504,10,1.51092529296875,966.9921875,30.825594815877135,2,0,33,0.67,0.5025000000000001,0.1,0.75,0.05,0.0,0.1,213,700.8411567894503,88.57250213623047,22,0.7231056906960227,1018.1328125,51.25391261773467,2,1,34,0.67,0.5025000000000001,0.1,0.75,0.05,0.0,0.1
158,frozen_ddqn_seed5,0,NOOP,0.094069,-0.032058,0.09209,0,213,700.8411567894503,88.57250213623047,22,0.7231056906960227,1018.1328125,51.25391261773467,2,1,34,0.67,0.5025000000000001,0.1,0.75,0.05,0.0,0.1,219,730.3466312155421,141.45135879516602,34,0.4915928560144761,1069.7060546875,45.678296891967534,2,2,35,0.0,0.46900000000000003,0.1,0.7,0.05,0.0,0.15
159,frozen_ddqn_seed5,0,NOOP,0.07048,0.353045,0.270199,0,219,730.3466312155421,141.45135879516602,34,0.4915928560144761,1069.7060546875,45.678296891967534,2,2,35,0.0,0.46900000000000003,0.1,0.7,0.05,0.0,0.15,227,589.4629296110539,121.54340744018555,46,0.3811486285665761,1122.1015625,40.92567142810507,2,3,36,0.67,0.5025000000000001,0.1,0.75,0.05,0.0,0.1
160,frozen_ddqn_seed5,0,NOOP,0.056052,0.344378,0.256115,0,227,589.4629296110539,121.54340744018555,46,0.3811486285665761,1122.1015625,40.92567142810507,2,3,36,0.67,0.5025000000000001,0.1,0.75,0.05,0.0,0.1,232,775.1106239734397,119.35639381408691,58,0.3165083260371767,1174.87890625,37.2720998543958,2,4,37,0.67,0.5025000000000001,0.1,0.75,0.05,0.0,0.1
161,frozen_ddqn_seed5,3,COMPACT_128KB,0.5485,0.297551,0.39846,0,232,775.1106239734397,119.35639381408691,58,0.3165083260371767,1174.87890625,37.2720998543958,2,4,37,0.67,0.5025000000000001,0.1,0.75,0.05,0.0,0.1,282,832.7404529687129,67.00992584228516,12,1.3973439534505208,1073.16015625,32.599882438427834,2,0,38,0.67,0.536,0.05,0.8,0.05,0.0,0.1
162,frozen_ddqn_seed5,0,NOOP,0.162953,0.343949,0.362981,0,282,832.7404529687129,67.00992584228516,12,1.3973439534505208,1073.16015625,32.599882438427834,2,0,38,0.67,0.536,0.05,0.8,0.05,0.0,0.1,173,646.2758320322276,74.85461235046387,21,0.8278924851190477,1112.6875,49.4408414605137,2,1,39,0.67,0.536,0.05,0.8,0.05,0.0,0.1
163,frozen_ddqn_seed5,0,NOOP,0.097712,0.343615,0.29785,0,173,646.2758320322276,74.85461235046387,21,0.8278924851190477,1112.6875,49.4408414605137,2,1,39,0.67,0.536,0.05,0.8,0.05,0.0,0.1,276,845.455969209084,88.09018135070801,36,0.5110613505045573,1177.4853515625,44.60001829672065,2,2,40,0.67,0.536,0.05,0.8,0.05,0.0,0.1
164,frozen_ddqn_seed5,0,NOOP,0.078826,0.351838,0.27792,0,276,845.455969209084,88.09018135070801,36,0.5110613505045573,1177.4853515625,44.60001829672065,2,2,40,0.67,0.536,0.05,0.8,0.05,0.0,0.1,163,612.1081516644538,151.5340805053711,45,0.42225579155815973,1216.0966796875,41.40688209951853,2,3,41,0.67,0.5695,0.05,0.85,0.0,0.0,0.1
165,frozen_ddqn_seed5,0,NOOP,0.066034,0.343232,0.266196,0,163,612.1081516644538,151.5340805053711,45,0.42225579155815973,1216.0966796875,41.40688209951853,2,3,41,0.67,0.5695,0.05,0.85,0.0,0.0,0.1,197,702.4810563938285,109.4202995300293,54,0.363922119140625,1257.71484375,38.65957822218496,2,4,42,0.67,0.5695,0.05,0.85,0.0,0.0,0.1
166,frozen_ddqn_seed5,3,COMPACT_128KB,0.548375,-0.088909,0.194881,0,197,702.4810563938285,109.4202995300293,54,0.363922119140625,1257.71484375,38.65957822218496,2,4,42,0.67,0.5695,0.05,0.85,0.0,0.0,0.1,265,808.4814240450164,190.9632682800293,13,1.4048837515024037,1168.86328125,28.809912696059133,2,0,43,0.0,0.536,0.05,0.8,0.05,0.0,0.1
167,frozen_ddqn_seed5,0,NOOP,0.134241,0.342815,0.334141,0,265,808.4814240450164,190.9632682800293,13,1.4048837515024037,1168.86328125,28.809912696059133,2,0,43,0.0,0.536,0.05,0.8,0.05,0.0,0.1,281,864.03528280198,89.99896049499512,28,0.6887059892926898,1234.1611328125,47.51068976247029,2,1,44,0.67,0.536,0.05,0.8,0.05,0.0,0.1
168,frozen_ddqn_seed5,0,NOOP,0.088878,0.342589,0.288761,0,281,864.03528280198,89.99896049499512,28,0.6887059892926898,1234.1611328125,47.51068976247029,2,1,44,0.67,0.536,0.05,0.8,0.05,0.0,0.1,255,772.4986240818184,109.6029281616211,43,0.47126592591751454,1296.923828125,42.677717564040606,2,2,45,0.67,0.536,0.05,0.8,0.05,0.0,0.1
169,frozen_ddqn_seed5,0,NOOP,0.066122,-0.034506,0.061596,0,255,772.4986240818184,109.6029281616211,43,0.47126592591751454,1296.923828125,42.677717564040606,2,2,45,0.67,0.536,0.05,0.8,0.05,0.0,0.1,278,818.0666062363015,298.81954193115234,58,0.3668599622002963,1361.7841796875,38.37256998519548,2,3,46,0.0,0.5025000000000001,0.05,0.75,0.05,0.05,0.1
170,frozen_ddqn_seed5,0,NOOP,0.054322,0.350628,0.2546,0,278,818.0666062363015,298.81954193115234,58,0.3668599622002963,1361.7841796875,38.37256998519548,2,3,46,0.0,0.5025000000000001,0.05,0.75,0.05,0.05,0.1,212,708.8480388131876,123.60024452209473,70,0.31535775320870535,1412.802734375,35.63309760155009,2,4,47,0.67,0.536,0.0,0.8,0.05,0.05,0.1
171,frozen_ddqn_seed5,3,COMPACT_128KB,0.54825,0.287077,0.397997,0,212,708.8480388131876,123.60024452209473,70,0.31535775320870535,1412.802734375,35.63309760155009,2,4,47,0.67,0.536,0.0,0.8,0.05,0.05,0.1,177,641.0268700636975,80.17206192016602,14,1.4219458443777901,1274.0634765625,27.74075138308664,2,0,48,0.67,0.536,0.0,0.8,0.05,0.05,0.1
172,frozen_ddqn_seed5,0,NOOP,0.175458,-0.026531,0.171532,0,177,641.0268700636975,80.17206192016602,14,1.4219458443777901,1274.0634765625,27.74075138308664,2,0,48,0.67,0.536,0.0,0.8,0.05,0.05,0.1,161,582.7060957446625,225.04448890686035,23,0.8916665782099185,1312.533203125,48.249524816487856,2,1,49,0.0,0.536,0.0,0.8,0.1,0.05,0.05
173,frozen_ddqn_seed5,0,NOOP,0.117423,0.341881,0.31755,0,161,582.7060957446625,225.04448890686035,23,0.8916665782099185,1312.533203125,48.249524816487856,2,1,49,0.0,0.536,0.0,0.8,0.1,0.05,0.05,219,717.5042872040025,87.41474151611328,35,0.6089922223772322,1364.142578125,46.392010081439594,2,2,50,0.67,0.536,0.0,0.8,0.1,0.05,0.05
174,frozen_ddqn_seed5,0,NOOP,0.094322,-0.035194,0.090255,0,219,717.5042872040025,87.41474151611328,35,0.6089922223772322,1364.142578125,46.392010081439594,2,2,50,0.67,0.536,0.0,0.8,0.1,0.05,0.05,195,699.397376477228,258.3487033843994,44,0.4991118691184304,1405.4990234375,43.57487031456475,2,3,51,0.0,0.5025000000000001,0.05,0.75,0.1,0.05,0.05
175,frozen_ddqn_seed5,0,NOOP,0.078522,0.341597,0.278484,0,195,699.397376477228,258.3487033843994,44,0.4991118691184304,1405.4990234375,43.57487031456475,2,3,51,0.0,0.5025000000000001,0.05,0.75,0.1,0.05,0.05,162,604.4810923192301,118.17383766174316,53,0.42573576153449294,1444.095703125,40.98932931536466,2,4,52,0.67,0.5025000000000001,0.05,0.75,0.1,0.05,0.05
176,frozen_ddqn_seed5,3,COMPACT_128KB,0.54825,-0.090448,0.196182,0,162,604.4810923192301,118.17383766174316,53,0.42573576153449294,1444.095703125,40.98932931536466,2,4,52,0.67,0.5025000000000001,0.05,0.75,0.1,0.05,0.05,207,685.0242167029211,120.91302871704102,14,1.512559073311942,1355.2529296875,23.55169650324294,2,0,53,0.0,0.46900000000000003,0.05,0.7,0.1,0.1,0.05
177,frozen_ddqn_seed5,0,NOOP,0.165999,-0.035637,0.162888,0,207,685.0242167029211,120.91302871704102,14,1.512559073311942,1355.2529296875,23.55169650324294,2,0,53,0.0,0.46900000000000003,0.05,0.7,0.1,0.1,0.05,234,766.3497076607865,188.04383277893066,26,0.8462448120117188,1408.1513671875,49.952796014842555,2,1,54,0.0,0.43550000000000005,0.1,0.65,0.1,0.1,0.05
178,frozen_ddqn_seed5,0,NOOP,0.115349,-0.027414,0.112058,0,234,766.3497076607865,188.04383277893066,26,0.8462448120117188,1408.1513671875,49.952796014842555,2,1,54,0.0,0.43550000000000005,0.1,0.65,0.1,0.1,0.05,226,744.2764377910541,212.05377578735352,38,0.6004959909539473,1460.40625,47.29319758344543,2,2,55,0.0,0.43550000000000005,0.1,0.65,0.1,0.15,0.0
179,frozen_ddqn_seed5,0,NOOP,0.088143,-0.035863,0.085864,0,226,744.2764377910541,212.05377578735352,38,0.6004959909539473,1460.40625,47.29319758344543,2,2,55,0.0,0.43550000000000005,0.1,0.65,0.1,0.15,0.0,201,669.2661051973095,176.4664649963379,50,0.47196441650390625,1510.2861328125,43.676288038242,2,3,56,0.0,0.402,0.1,0.6,0.1,0.15,0.05
180,frozen_ddqn_seed5,0,NOOP,0.074829,0.340902,0.274766,0,201,669.2661051973095,176.4664649963379,50,0.47196441650390625,1510.2861328125,43.676288038242,2,3,56,0.0,0.402,0.1,0.6,0.1,0.15,0.05,197,723.4768867333921,126.88517570495605,59,0.4110208285056939,1552.0146484375,41.20300454237026,2,4,57,0.67,0.402,0.1,0.6,0.1,0.15,0.05
181,frozen_ddqn_seed5,3,COMPACT_128KB,0.548125,0.285859,0.398079,0,197,723.4768867333921,126.88517570495605,59,0.4110208285056939,1552.0146484375,41.20300454237026,2,4,57,0.67,0.402,0.1,0.6,0.1,0.15,0.05,253,756.9946690160186,71.0594654083252,15,1.513965861002604,1453.4072265625,24.451382581904046,2,0,58,0.67,0.402,0.1,0.6,0.1,0.15,0.05
182,frozen_ddqn_seed5,0,NOOP,0.170915,0.340836,0.370489,0,253,756.9946690160186,71.0594654083252,15,1.513965861002604,1453.4072265625,24.451382581904046,2,0,58,0.67,0.402,0.1,0.6,0.1,0.15,0.05,227,758.0487915178142,105.04865646362305,27,0.8714514838324653,1505.8681640625,50.16959573434299,2,1,59,0.67,0.402,0.1,0.6,0.1,0.15,0.05
183,frozen_ddqn_seed5,0,NOOP,0.111428,0.340691,0.311191,0,227,758.0487915178142,105.04865646362305,27,0.8714514838324653,1505.8681640625,50.16959573434299,2,1,59,0.67,0.402,0.1,0.6,0.1,0.15,0.05,251,704.9689417868601,114.37845230102539,42,0.583390372140067,1568.1533203125,47.14881558339347,2,2,60,0.67,0.402,0.1,0.6,0.1,0.15,0.05
184,frozen_ddqn_seed5,0,NOOP,0.092049,0.340617,0.291952,0,251,704.9689417868601,114.37845230102539,42,0.583390372140067,1568.1533203125,47.14881558339347,2,2,60,0.67,0.402,0.1,0.6,0.1,0.15,0.05,157,571.9348147633461,118.621826171875,51,0.4921201818129596,1606.2802734375,44.55728602021106,2,3,61,0.67,0.402,0.1,0.6,0.1,0.15,0.05
185,frozen_ddqn_seed5,0,NOOP,0.074424,-0.036351,0.069909,0,157,571.9348147633461,118.621826171875,51,0.4921201818129596,1606.2802734375,44.55728602021106,2,3,61,0.67,0.402,0.1,0.6,0.1,0.15,0.05,233,686.6212503697375,304.52609062194824,63,0.41149708581349204,1659.15625,41.42644699226779,2,4,62,0.0,0.36850000000000005,0.1,0.55,0.1,0.2,0.05
186,frozen_ddqn_seed5,3,COMPACT_128KB,0.547875,-0.083109,0.196374,0,233,686.6212503697375,304.52609062194824,63,0.41149708581349204,1659.15625,41.42644699226779,2,4,62,0.0,0.36850000000000005,0.1,0.55,0.1,0.2,0.05,285,846.0573339967541,96.31514549255371,17,1.4324717802159928,1558.529296875,28.795150960060305,2,0,63,0.0,0.36850000000000005,0.1,0.55,0.05,0.2,0.1
187,frozen_ddqn_seed5,0,NOOP,0.188913,-0.036626,0.185066,0,285,846.0573339967541,96.31514549255371,17,1.4324717802159928,1558.529296875,28.795150960060305,2,0,63,0.0,0.36850000000000005,0.1,0.55,0.05,0.2,0.1,181,669.2145434927866,224.87354278564453,26,0.9608154296875,1598.796875,48.17684080905666,2,1,64,0.0,0.3350000000000001,0.1,0.5,0.05,0.25,0.1
188,frozen_ddqn_seed5,0,NOOP,0.130867,-0.036729,0.127474,0,181,669.2145434927866,224.87354278564453,26,0.9608154296875,1598.796875,48.17684080905666,2,1,64,0.0,0.3350000000000001,0.1,0.5,0.05,0.25,0.1,205,683.3312696943086,217.15974807739258,38,0.6780849256013569,1649.1025390625,47.926976660853704,2,2,65,0.0,0.30150000000000005,0.1,0.45,0.05,0.3,0.1
189,frozen_ddqn_seed5,0,NOOP,0.094498,0.348396,0.294658,0,205,683.3312696943086,217.15974807739258,38,0.6780849256013569,1649.1025390625,47.926976660853704,2,2,65,0.0,0.30150000000000005,0.1,0.45,0.05,0.3,0.1,289,893.2659509164025,108.23369026184082,53,0.5056135069649175,1715.041015625,44.14909905790446,2,3,66,0.67,0.3350000000000001,0.1,0.5,0.05,0.25,0.1
190,frozen_ddqn_seed5,0,NOOP,0.073382,-0.03695,0.068593,0,289,893.2659509164025,108.23369026184082,53,0.5056135069649175,1715.041015625,44.14909905790446,2,3,66,0.67,0.3350000000000001,0.1,0.5,0.05,0.25,0.1,297,897.5360885353623,324.43928718566895,68,0.4094085693359375,1781.74609375,40.60554272422826,2,4,67,0.0,0.30150000000000005,0.1,0.45,0.05,0.3,0.1
191,frozen_ddqn_seed5,3,COMPACT_128KB,0.54775,0.284819,0.397766,0,297,897.5360885353623,324.43928718566895,68,0.4094085693359375,1781.74609375,40.60554272422826,2,4,67,0.0,0.30150000000000005,0.1,0.45,0.05,0.3,0.1,287,868.1347890648494,71.72060012817383,18,1.4486109415690105,1668.7998046875,32.31944975387418,2,0,68,0.67,0.3015,0.1,0.45,0.05,0.3,0.1
192,frozen_ddqn_seed5,0,NOOP,0.160162,-0.028792,0.156643,0,287,868.1347890648494,71.72060012817383,18,1.4486109415690105,1668.7998046875,32.31944975387418,2,0,68,0.67,0.3015,0.1,0.45,0.05,0.3,0.1,290,861.6713197295296,217.21124649047852,33,0.8214370265151515,1734.875,50.48731798827517,2,1,69,0.0,0.3015,0.15,0.45,0.0,0.3,0.1
193,frozen_ddqn_seed5,0,NOOP,0.111045,0.33956,0.30933,0,290,861.6713197295296,217.21124649047852,33,0.8214370265151515,1734.875,50.48731798827517,2,1,69,0.0,0.3015,0.15,0.45,0.0,0.3,0.1,256,742.0648211947075,195.76287269592285,48,0.5852263768513998,1797.8154296875,47.425239863410546,2,2,70,0.67,0.3015,0.15,0.45,0.0,0.3,0.1
194,frozen_ddqn_seed5,0,NOOP,0.088957,-0.029017,0.086358,0,256,742.0648211947075,195.76287269592285,48,0.5852263768513998,1797.8154296875,47.425239863410546,2,2,70,0.67,0.3015,0.15,0.45,0.0,0.3,0.1,248,782.493501960395,204.9546241760254,60,0.4822853088378906,1851.9755859375,44.36621313402224,2,3,71,0.0,0.3015,0.1,0.45,0.0,0.3,0.15
195,frozen_ddqn_seed5,0,NOOP,0.073568,0.339417,0.272861,0,248,782.493501960395,204.9546241760254,60,0.4822853088378906,1851.9755859375,44.36621313402224,2,3,71,0.0,0.3015,0.1,0.45,0.0,0.3,0.15,205,640.1367479625164,175.35638809204102,72,0.41283925374348956,1902.36328125,41.66422514651083,2,4,72,0.67,0.3015,0.1,0.45,0.0,0.3,0.15
196,frozen_ddqn_seed5,3,COMPACT_128KB,0.547625,-0.084168,0.19335,0,205,640.1367479625164,175.35638809204102,72,0.41283925374348956,1902.36328125,41.66422514651083,2,4,72,0.67,0.3015,0.1,0.45,0.0,0.3,0.15,278,801.8604218716367,237.5028133392334,19,1.4649184377569902,1781.3408203125,28.314776190654637,2,0,73,0.0,0.3015,0.1,0.45,0.05,0.25,0.15
197,frozen_ddqn_seed5,0,NOOP,0.180948,0.347639,0.380978,0,278,801.8604218716367,237.5028133392334,19,1.4649184377569902,1781.3408203125,28.314776190654637,2,0,73,0.0,0.3015,0.1,0.45,0.05,0.25,0.15,225,726.022119509358,87.24474906921387,31,0.9241155808971774,1833.4453125,49.40822349761541,2,1,74,0.67,0.3350000000000001,0.05,0.5,0.05,0.25,0.15
198,frozen_ddqn_seed5,0,NOOP,0.123294,0.347582,0.323128,0,225,726.022119509358,87.24474906921387,31,0.9241155808971774,1833.4453125,49.40822349761541,2,1,74,0.67,0.3350000000000001,0.05,0.5,0.05,0.25,0.15,291,677.7967313619325,115.82183837890625,46,0.6452202174974524,1899.5283203125,47.965117430776935,2,2,75,0.67,0.3685,0.05,0.55,0.05,0.2,0.15
199,frozen_ddqn_seed5,0,NOOP,0.103306,0.347547,0.303407,0,291,677.7967313619325,115.82183837890625,46,0.6452202174974524,1899.5283203125,47.965117430776935,2,2,75,0.67,0.3685,0.05,0.55,0.05,0.2,0.15,175,652.3603075145536,113.68751525878906,55,0.5509049849076705,1939.185546875,45.90147780301008,2,3,76,0.67,0.402,0.05,0.6,0.05,0.2,0.1
200,frozen_ddqn_seed5,0,NOOP,0.088653,0.339134,0.288916,0,175,652.3603075145536,113.68751525878906,55,0.5509049849076705,1939.185546875,45.90147780301008,2,3,76,0.67,0.402,0.05,0.6,0.05,0.2,0.1,181,673.9907473417029,116.84322357177734,64,0.48326635360717773,1979.458984375,43.84467225624539,2,4,77,0.67,0.402,0.05,0.6,0.05,0.2,0.1
201,frozen_ddqn_seed5,3,COMPACT_128KB,0.547625,-0.09281,0.19336,0,181,673.9907473417029,116.84322357177734,64,0.48326635360717773,1979.458984375,43.84467225624539,2,4,77,0.67,0.402,0.05,0.6,0.05,0.2,0.1,226,730.5775670451427,236.99569702148438,19,1.5426603618421053,1875.875,18.49213000767271,2,0,78,0.0,0.36850000000000005,0.05,0.55,0.1,0.2,0.1
202,frozen_ddqn_seed5,0,NOOP,0.173958,-0.037869,0.171918,0,226,730.5775670451427,236.99569702148438,19,1.5426603618421053,1875.875,18.49213000767271,2,0,78,0.0,0.36850000000000005,0.05,0.55,0.1,0.2,0.1,257,689.2002872051145,144.4723606109619,34,0.8910383336684283,1938.8994140625,49.562425788415176,2,1,79,0.0,0.335,0.05,0.5,0.1,0.2,0.15
203,frozen_ddqn_seed5,0,NOOP,0.121509,0.338942,0.321336,0,257,689.2002872051145,144.4723606109619,34,0.8910383336684283,1938.8994140625,49.562425788415176,2,1,79,0.0,0.335,0.05,0.5,0.1,0.2,0.15,251,757.5838266258504,119.87137794494629,49,0.6381695805763712,2001.2998046875,47.90548726052857,2,2,80,0.67,0.3350000000000001,0.05,0.5,0.1,0.2,0.15
204,frozen_ddqn_seed5,0,NOOP,0.102715,-0.037963,0.094282,0,251,757.5838266258504,119.87137794494629,49,0.6381695805763712,2001.2998046875,47.90548726052857,2,2,80,0.67,0.3350000000000001,0.05,0.5,0.1,0.2,0.15,174,626.9011856688941,494.1282272338867,58,0.5498225771147629,2040.94140625,45.93194043751391,2,3,81,0.0,0.3015,0.05,0.45,0.1,0.25,0.15
205,frozen_ddqn_seed5,0,NOOP,0.088641,-0.029609,0.085904,0,174,626.9011856688941,494.1282272338867,58,0.5498225771147629,2040.94140625,45.93194043751391,2,3,81,0.0,0.3015,0.05,0.45,0.1,0.25,0.15,168,608.708221464335,220.57533264160156,67,0.485078270755597,2080.015625,43.98195258356385,2,4,82,0.0,0.30150000000000005,0.05,0.45,0.1,0.2,0.2
206,frozen_ddqn_seed5,3,COMPACT_128KB,0.547375,-0.084678,0.192625,0,168,608.708221464335,220.57533264160156,67,0.485078270755597,2080.015625,43.98195258356385,2,4,82,0.0,0.30150000000000005,0.05,0.45,0.1,0.2,0.2,187,659.3542499264428,263.7472152709961,21,1.466917492094494,1971.537109375,24.497327240142454,2,0,83,0.0,0.3015,0.05,0.45,0.15,0.2,0.15
207,frozen_ddqn_seed5,0,NOOP,0.19625,-0.02973,0.194435,0,187,659.3542499264428,263.7472152709961,21,1.466917492094494,1971.537109375,24.497327240142454,2,0,83,0.0,0.3015,0.05,0.45,0.15,0.2,0.15,169,579.7582581342224,128.23796272277832,30,1.0472381591796875,2010.697265625,46.42646876386457,2,1,84,0.0,0.30150000000000005,0.05,0.45,0.15,0.15,0.2
208,frozen_ddqn_seed5,0,NOOP,0.148236,-0.029753,0.144241,0,169,579.7582581342224,128.23796272277832,30,1.0472381591796875,2010.697265625,46.42646876386457,2,1,84,0.0,0.30150000000000005,0.05,0.45,0.15,0.15,0.2,225,747.9197426515168,252.21538543701172,42,0.7674284435453869,2062.84765625,48.43462986483454,2,2,85,0.0,0.30150000000000005,0.1,0.45,0.15,0.1,0.2
209,frozen_ddqn_seed5,0,NOOP,0.122513,-0.03817,0.120035,0,225,747.9197426515168,252.21538543701172,42,0.7674284435453869,2062.84765625,48.43462986483454,2,2,85,0.0,0.30150000000000005,0.1,0.45,0.15,0.1,0.2,184,521.1603299221925,187.65497207641602,51,0.6444387996897978,2103.4482421875,47.1025513929486,2,3,86,0.0,0.26800000000000007,0.1,0.4,0.15,0.1,0.25
210,frozen_ddqn_seed5,0,NOOP,0.094468,-0.029857,0.091681,0,184,521.1603299221925,187.65497207641602,51,0.6444387996897978,2103.4482421875,47.1025513929486,2,3,86,0.0,0.26800000000000007,0.1,0.4,0.15,0.1,0.25,290,855.9021060705213,221.83752059936523,66,0.5135886452414773,2169.3984375,44.14603040189209,2,4,87,0.0,0.268,0.1,0.4,0.15,0.05,0.3
211,frozen_ddqn_seed5,0,NOOP,0.076081,0.338548,0.276172,0,290,855.9021060705213,221.83752059936523,66,0.5135886452414773,2169.3984375,44.14603040189209,2,4,87,0.0,0.268,0.1,0.4,0.15,0.05,0.3,278,812.1011894397695,146.70133590698242,81,0.43102763611593364,2234.447265625,41.32743864496631,2,5,88,0.67,0.268,0.1,0.4,0.15,0.05,0.3
212,frozen_ddqn_seed5,3,COMPACT_128KB,0.54725,0.291879,0.397341,0,278,812.1011894397695,146.70133590698242,81,0.43102763611593364,2234.447265625,41.32743864496631,2,5,88,0.67,0.268,0.1,0.4,0.15,0.05,0.3,225,733.5286884417658,72.93891906738281,22,1.4849569147283381,2090.8193359375,24.431956374590683,2,0,89,0.67,0.3015,0.05,0.45,0.15,0.05,0.3
213,frozen_ddqn_seed5,0,NOOP,0.196125,-0.038417,0.194268,0,225,733.5286884417658,72.93891906738281,22,1.4849569147283381,2090.8193359375,24.431956374590683,2,0,89,0.67,0.3015,0.05,0.45,0.15,0.05,0.3,157,575.569098719949,131.59489631652832,31,1.0729842647429435,2128.80078125,46.625838384073894,2,1,90,0.0,0.268,0.05,0.4,0.15,0.05,0.35
214,frozen_ddqn_seed5,0,NOOP,0.164324,0.346806,0.364371,0,157,575.569098719949,131.59489631652832,31,1.0729842647429435,2128.80078125,46.625838384073894,2,1,90,0.0,0.268,0.05,0.4,0.15,0.05,0.35,162,599.9804397178276,97.65505790710449,40,0.8466197967529296,2167.3466796875,49.13078952973921,2,2,91,0.67,0.3015,0.05,0.45,0.15,0.05,0.3
215,frozen_ddqn_seed5,0,NOOP,0.12002,-0.038548,0.115615,0,162,599.9804397178276,97.65505790710449,40,0.8466197967529296,2167.3466796875,49.13078952973921,2,2,91,0.67,0.3015,0.05,0.45,0.15,0.05,0.3,291,737.9547447841626,289.01171684265137,55,0.6344759854403409,2233.35546875,47.37292466621796,2,3,92,0.0,0.268,0.05,0.4,0.15,0.1,0.3
216,frozen_ddqn_seed5,0,NOOP,0.102986,0.346655,0.302875,0,291,737.9547447841626,289.01171684265137,55,0.6344759854403409,2233.35546875,47.37292466621796,2,3,92,0.0,0.268,0.05,0.4,0.15,0.1,0.3,175,626.6584820075523,135.58149337768555,64,0.5549323558807373,2273.0029296875,45.65701727390362,2,4,93,0.67,0.3015,0.05,0.45,0.1,0.1,0.3
217,frozen_ddqn_seed5,2,COMPACT_64KB,0.285591,-0.08867,0.194789,0,175,626.6584820075523,135.58149337768555,64,0.5549323558807373,2273.0029296875,45.65701727390362,2,4,93,0.67,0.3015,0.05,0.45,0.1,0.1,0.3,286,856.8339404744557,120.57375907897949,28,1.2282791137695312,2201.076171875,33.96243639694209,2,0,94,0.0,0.268,0.05,0.4,0.1,0.1,0.35
218,frozen_ddqn_seed5,0,NOOP,0.159375,0.338128,0.359461,0,286,856.8339404744557,120.57375907897949,28,1.2282791137695312,2201.076171875,33.96243639694209,2,0,94,0.0,0.268,0.05,0.4,0.1,0.1,0.35,288,840.8197933379506,99.45940971374512,43,0.823749630950218,2266.958984375,44.97440391844307,2,1,95,0.67,0.268,0.05,0.4,0.1,0.1,0.35
219,frozen_ddqn_seed5,0,NOOP,0.124816,-0.038797,0.12024,0,288,840.8197933379506,99.45940971374512,43,0.823749630950218,2266.958984375,44.97440391844307,2,1,95,0.67,0.268,0.05,0.4,0.1,0.1,0.35,210,679.4118885763189,297.56689071655273,55,0.658454756303267,2317.7607421875,44.5167528316083,2,2,96,0.0,0.23450000000000001,0.05,0.35,0.1,0.1,0.4
220,frozen_ddqn_seed5,0,NOOP,0.102186,-0.03887,0.09257,0,210,679.4118885763189,297.56689071655273,55,0.658454756303267,2317.7607421875,44.5167528316083,2,2,96,0.0,0.23450000000000001,0.05,0.35,0.1,0.1,0.4,229,770.0178423688919,564.537763595581,67,0.5528033811654618,2370.4208984375,42.828349665223065,2,3,97,0.0,0.201,0.05,0.3,0.15,0.1,0.4
221,frozen_ddqn_seed5,0,NOOP,0.082594,-0.030537,0.076699,0,229,770.0178423688919,564.537763595581,67,0.5528033811654618,2370.4208984375,42.828349665223065,2,3,97,0.0,0.201,0.05,0.3,0.15,0.1,0.4,289,849.0404720962404,397.2582817077637,82,0.46422000047637196,2436.2265625,40.49715422580206,2,4,98,0.0,0.201,0.05,0.3,0.1,0.15,0.4
222,frozen_ddqn_seed5,3,COMPACT_128KB,0.547,-0.08562,0.19496,0,289,849.0404720962404,397.2582817077637,82,0.46422000047637196,2436.2265625,40.49715422580206,2,4,98,0.0,0.201,0.05,0.3,0.1,0.15,0.4,261,764.3712144116466,131.99687004089355,24,1.4955457051595051,2297.158203125,26.382730938272946,2,0,99,0.0,0.201,0.05,0.3,0.1,0.15,0.4
223,frozen_ddqn_seed5,0,NOOP,0.195875,-0.038988,0.193712,0,261,764.3712144116466,131.99687004089355,24,1.4955457051595051,2297.158203125,26.382730938272946,2,0,99,0.0,0.201,0.05,0.3,0.1,0.15,0.4,152,540.1829728211459,149.40571784973145,33,1.1054932565400095,2334.8017578125,47.05348859240983,2,1,100,0.0,0.16750000000000004,0.05,0.25,0.1,0.15,0.45
224,frozen_ddqn_seed5,0,NOOP,0.150085,-0.030648,0.141045,0,152,540.1829728211459,149.40571784973145,33,1.1054932565400095,2334.8017578125,47.05348859240983,2,1,100,0.0,0.16750000000000004,0.05,0.25,0.1,0.15,0.45,253,740.3348184323438,512.00270652771,48,0.780426025390625,2397.46875,49.79946346813723,2,2,101,0.0,0.16750000000000004,0.05,0.25,0.15,0.1,0.45
225,frozen_ddqn_seed5,5,PARTITION_REGION,-0.334483,-0.280691,0.115109,0,253,740.3348184323438,512.00270652771,48,0.780426025390625,2397.46875,49.79946346813723,2,2,101,0.0,0.16750000000000004,0.05,0.25,0.15,0.1,0.45,219,571.662222664783,322.6664066314697,60,0.637811787923177,2449.197265625,48.1097582128691,2,3,102,0.0,0.16750000000000004,0.1,0.25,0.15,0.1,0.4
226,frozen_ddqn_seed5,0,NOOP,0.104024,-0.030731,0.093532,0,219,571.662222664783,322.6664066314697,60,0.637811787923177,2449.197265625,48.1097582128691,2,3,102,0.0,0.16750000000000004,0.1,0.25,0.15,0.1,0.4,157,565.8257357818724,610.8319759368896,69,0.5632454692453578,2487.2919921875,46.501022353347864,2,4,103,0.0,0.16750000000000004,0.1,0.25,0.15,0.1,0.4
227,frozen_ddqn_seed5,3,COMPACT_128KB,0.547,-0.085752,0.190485,0,157,565.8257357818724,610.8319759368896,69,0.5632454692453578,2487.2919921875,46.501022353347864,2,4,103,0.0,0.16750000000000004,0.1,0.25,0.15,0.1,0.4,289,841.050441356667,355.7395935058594,24,1.5553448994954426,2389.009765625,17.114384638362864,2,0,104,0.0,0.16750000000000004,0.1,0.25,0.2,0.1,0.35
228,frozen_ddqn_seed5,0,NOOP,0.19157,-0.030798,0.183776,0,289,841.050441356667,355.7395935058594,24,1.5553448994954426,2389.009765625,17.114384638362864,2,0,104,0.0,0.16750000000000004,0.1,0.25,0.2,0.1,0.35,253,738.7088189738289,438.40742111206055,39,0.9822227282401843,2451.6279296875,48.85403309780034,2,1,105,0.0,0.16750000000000004,0.05,0.25,0.25,0.1,0.35
229,frozen_ddqn_seed5,0,NOOP,0.138806,-0.030829,0.134573,0,253,738.7088189738289,438.40742111206055,39,0.9822227282401843,2451.6279296875,48.85403309780034,2,1,105,0.0,0.16750000000000004,0.05,0.25,0.25,0.1,0.35,264,747.4686062798916,279.1299819946289,54,0.7277775517216435,2515.19921875,49.13062900561244,2,2,106,0.0,0.16750000000000004,0.1,0.25,0.25,0.1,0.3
230,frozen_ddqn_seed5,0,NOOP,0.108294,-0.030895,0.098001,0,264,747.4686062798916,279.1299819946289,54,0.7277775517216435,2515.19921875,49.13062900561244,2,2,106,0.0,0.16750000000000004,0.1,0.25,0.25,0.1,0.3,293,869.2882626770063,600.9218692779541,69,0.5845962745555933,2581.5771484375,46.778472606034796,2,3,107,0.0,0.16750000000000004,0.1,0.25,0.3,0.1,0.25
231,frozen_ddqn_seed5,0,NOOP,0.09152,0.337564,0.29186,0,293,869.2882626770063,600.9218692779541,69,0.5845962745555933,2581.5771484375,46.778472606034796,2,3,107,0.0,0.16750000000000004,0.1,0.25,0.3,0.1,0.25,235,754.0999640417116,134.28568840026855,81,0.5082265594859182,2634.646484375,44.712059813643165,2,4,108,0.67,0.1675,0.1,0.25,0.3,0.1,0.25
232,frozen_ddqn_seed5,3,COMPACT_128KB,0.546875,-0.094327,0.191973,0,235,754.0999640417116,134.28568840026855,81,0.5082265594859182,2634.646484375,44.712059813643165,2,4,108,0.67,0.1675,0.1,0.25,0.3,0.1,0.25,163,584.4350627757418,276.3628959655762,25,1.560093994140625,2496.150390625,17.143468353149707,2,0,109,0.0,0.134,0.1,0.2,0.35,0.1,0.25
233,frozen_ddqn_seed5,0,NOOP,0.195375,0.345859,0.393453,0,163,584.4350627757418,276.3628959655762,25,1.560093994140625,2496.150390625,17.143468353149707,2,0,109,0.0,0.134,0.1,0.2,0.35,0.1,0.25,234,760.6391411736167,192.3530101776123,37,1.076490659971495,2549.1298828125,47.40579147177678,2,1,110,0.67,0.1675,0.1,0.25,0.35,0.1,0.2
234,frozen_ddqn_seed5,0,NOOP,0.150707,-0.039443,0.142759,0,234,760.6391411736167,192.3530101776123,37,1.076490659971495,2549.1298828125,47.40579147177678,2,1,110,0.67,0.1675,0.1,0.25,0.35,0.1,0.2,297,710.2784065283371,462.3596668243408,52,0.7860330434945914,2615.91796875,49.55384305718811,2,2,111,0.0,0.134,0.1,0.2,0.4,0.1,0.2
235,frozen_ddqn_seed5,0,NOOP,0.128457,-0.031087,0.122901,0,297,710.2784065283371,462.3596668243408,52,0.7860330434945914,2615.91796875,49.55384305718811,2,2,111,0.0,0.134,0.1,0.2,0.4,0.1,0.2,182,633.7816079929728,354.0539741516113,61,0.6804079149590164,2656.3125,48.535903907668136,2,3,112,0.0,0.134,0.15,0.2,0.4,0.05,0.2
236,frozen_ddqn_seed5,0,NOOP,0.111602,0.33741,0.31179,0,182,633.7816079929728,354.0539741516113,61,0.6804079149590164,2656.3125,48.535903907668136,2,3,112,0.0,0.134,0.15,0.2,0.4,0.05,0.2,174,607.2126599550711,128.10111045837402,70,0.6017615182059152,2695.8916015625,47.14561744631836,2,4,113,0.67,0.134,0.15,0.2,0.4,0.05,0.2
237,frozen_ddqn_seed5,3,COMPACT_128KB,0.546625,-0.086138,0.191178,0,174,607.2126599550711,128.10111045837402,70,0.6017615182059152,2695.8916015625,47.14561744631836,2,4,113,0.67,0.134,0.15,0.2,0.4,0.05,0.2,206,698.6278724525935,306.1206340789795,27,1.5021899188006367,2595.7841796875,25.785582894923223,2,0,114,0.0,0.134,0.15,0.2,0.4,0.1,0.15
238,frozen_ddqn_seed5,0,NOOP,0.192641,-0.039574,0.190046,0,206,698.6278724525935,306.1206340789795,27,1.5021899188006367,2595.7841796875,25.785582894923223,2,0,114,0.0,0.134,0.15,0.2,0.4,0.1,0.15,267,628.5894043192119,182.22498893737793,42,0.9894532703218006,2659.650390625,49.065377668816865,2,1,115,0.0,0.1005,0.15,0.15,0.4,0.1,0.2
239,frozen_ddqn_seed5,6,PARTITION_EVENT_TYPE,-0.022662,-0.131223,0.154224,0,267,628.5894043192119,182.22498893737793,42,0.9894532703218006,2659.650390625,49.065377668816865,2,1,115,0.0,0.1005,0.15,0.15,0.4,0.1,0.2,198,728.2799494878631,310.34231185913086,51,0.8276564654181985,2701.470703125,49.84539749198783,3,2,0,0.0,0.1005,0.2,0.15,0.4,0.1,0.15
240,frozen_ddqn_seed5,0,NOOP,0.135297,-0.056971,0.132536,0,198,728.2799494878631,310.34231185913086,51,0.8276564654181985,2701.470703125,49.84539749198783,3,2,0,0.0,0.1005,0.2,0.15,0.4,0.1,0.15,180,515.1645784174979,273.3321189880371,60,0.7139826456705729,2741.693359375,49.099770744588966,3,3,1,0.004021072285942918,0.10070105361429715,0.2,0.15,0.35,0.15,0.15
241,frozen_ddqn_seed5,0,NOOP,0.117375,-0.058622,0.114304,0,180,515.1645784174979,273.3321189880371,60,0.7139826456705729,2741.693359375,49.099770744588966,3,3,1,0.004021072285942918,0.10070105361429715,0.2,0.15,0.35,0.15,0.15,184,609.9865522705986,239.77923393249512,69,0.6299975851307744,2782.0693359375,47.82692570419941,3,4,2,0.0,0.10070105361429715,0.2,0.15,0.35,0.1,0.2
242,frozen_ddqn_seed5,3,COMPACT_128KB,0.546375,-0.105457,0.194321,0,184,609.9865522705986,239.77923393249512,69,0.6299975851307744,2782.0693359375,47.82692570419941,3,4,2,0.0,0.10070105361429715,0.2,0.15,0.35,0.1,0.2,272,791.2145574791004,138.9312744140625,29,1.4521868475552262,2695.2587890625,33.18142616147884,3,0,3,0.0,0.10070105361429715,0.2,0.15,0.35,0.1,0.2
243,frozen_ddqn_seed5,0,NOOP,0.19525,-0.050046,0.193127,0,272,791.2145574791004,138.9312744140625,29,1.4521868475552262,2695.2587890625,33.18142616147884,3,0,3,0.0,0.10070105361429715,0.2,0.15,0.35,0.1,0.2,157,549.8884600417862,153.6712646484375,38,1.1238082082648027,2733.1015625,47.90875657127301,3,1,4,0.0,0.10070105361429715,0.2,0.15,0.35,0.1,0.2
244,frozen_ddqn_seed5,0,NOOP,0.178464,-0.0496,0.175985,0,157,549.8884600417862,153.6712646484375,38,1.1238082082648027,2733.1015625,47.90875657127301,3,1,4,0.0,0.10070105361429715,0.2,0.15,0.35,0.1,0.2,175,459.02827764460733,182.71279335021973,47,0.9216948164270279,2772.4580078125,50.68002748148016,3,2,5,0.0,0.10070105361429715,0.2,0.15,0.3,0.1,0.25
245,frozen_ddqn_seed5,0,NOOP,0.135204,-0.048929,0.132198,0,175,459.02827764460733,182.71279335021973,47,0.9216948164270279,2772.4580078125,50.68002748148016,3,2,5,0.0,0.10070105361429715,0.2,0.15,0.3,0.1,0.25,269,773.1907491317374,227.84733772277832,62,0.7147723782447076,2836.216796875,49.958542072152724,3,3,6,0.0,0.10070105361429715,0.15,0.2,0.3,0.1,0.25
246,frozen_ddqn_seed5,0,NOOP,0.117703,-0.048499,0.112313,0,269,773.1907491317374,227.84733772277832,62,0.7147723782447076,2836.216796875,49.958542072152724,3,3,6,0.0,0.10070105361429715,0.15,0.2,0.3,0.1,0.25,177,531.8991157366211,358.2651615142822,71,0.6328898685079225,2875.8515625,48.653134607513834,3,4,7,0.0,0.10070105361429715,0.2,0.2,0.25,0.1,0.25
247,frozen_ddqn_seed5,3,COMPACT_128KB,0.5465,-0.103087,0.195221,0,177,531.8991157366211,358.2651615142822,71,0.6328898685079225,2875.8515625,48.653134607513834,3,4,7,0.0,0.10070105361429715,0.2,0.2,0.25,0.1,0.25,172,603.3041875525806,98.94013404846191,28,1.5479981558663505,2774.0126953125,24.73395631898877,3,0,8,0.0,0.10070105361429715,0.2,0.25,0.2,0.1,0.25
248,frozen_ddqn_seed5,0,NOOP,0.195,-0.047563,0.189087,0,172,603.3041875525806,98.94013404846191,28,1.5479981558663505,2774.0126953125,24.73395631898877,3,0,8,0.0,0.10070105361429715,0.2,0.25,0.2,0.1,0.25,225,717.6609439449061,345.6604480743408,40,1.1038421630859374,2825.8359375,48.55862799642005,3,1,9,0.0,0.10070105361429715,0.25,0.25,0.15,0.1,0.25
249,frozen_ddqn_seed5,0,NOOP,0.157243,-0.04699,0.152782,0,225,717.6609439449061,345.6604480743408,40,1.1038421630859374,2825.8359375,48.55862799642005,3,1,9,0.0,0.10070105361429715,0.25,0.25,0.15,0.1,0.25,257,685.9988926634499,291.8376922607422,55,0.8205915971235795,2888.482421875,50.951256979443116,3,2,10,0.0,0.10070105361429715,0.25,0.25,0.15,0.1,0.25
250,frozen_ddqn_seed5,0,NOOP,0.134975,-0.046605,0.132039,0,257,685.9988926634499,291.8376922607422,55,0.8205915971235795,2888.482421875,50.951256979443116,3,2,10,0.0,0.10070105361429715,0.25,0.25,0.15,0.1,0.25,177,603.2022789337567,226.8068790435791,64,0.7148740291595459,2928.1240234375,50.09702459403521,3,3,11,0.0,0.10070105361429715,0.25,0.25,0.1,0.1,0.3
251,frozen_ddqn_seed5,0,NOOP,0.128832,-0.054844,0.125926,0,177,603.2022789337567,226.8068790435791,64,0.7148740291595459,2928.1240234375,50.09702459403521,3,3,11,0.0,0.10070105361429715,0.25,0.25,0.1,0.1,0.3,64,279.4421223136917,229.02679443359375,67,0.6860326510756763,2941.7080078125,49.69451677695348,3,4,12,0.0,0.06720105361429715,0.25,0.2,0.1,0.1,0.35
252,frozen_ddqn_seed5,3,COMPACT_128KB,-0.1285,-0.10136,0.193222,0,64,279.4421223136917,229.02679443359375,67,0.6860326510756763,2941.7080078125,49.69451677695348,3,4,12,0.0,0.06720105361429715,0.25,0.2,0.1,0.1,0.35,49,205.31127319007294,198.90308380126953,28,1.5850633893694197,2840.43359375,20.920878525991196,3,0,13,0.0,0.06720105361429715,0.3,0.2,0.05,0.1,0.35
253,frozen_ddqn_seed5,0,NOOP,0.196125,-0.054667,0.192629,0,49,205.31127319007294,198.90308380126953,28,1.5850633893694197,2840.43359375,20.920878525991196,3,0,13,0.0,0.06720105361429715,0.3,0.2,0.05,0.1,0.35,33,136.31590236926777,213.54961395263672,31,1.4371175458354335,2851.2412109375,35.477747113272635,3,1,14,0.0,0.03370105361429715,0.35,0.15,0.05,0.1,0.35
254,frozen_ddqn_seed5,0,NOOP,0.19575,-0.046125,0.191983,0,33,136.31590236926777,213.54961395263672,31,1.4371175458354335,2851.2412109375,35.477747113272635,3,1,14,0.0,0.03370105361429715,0.35,0.15,0.05,0.1,0.35,77,322.5862402026443,230.8359146118164,34,1.317140915814568,2866.0986328125,42.09740729444171,3,2,15,0.0,0.03370105361429715,0.4,0.15,0.0,0.1,0.35
255,frozen_ddqn_seed5,0,NOOP,0.195375,-0.046018,0.189058,0,77,322.5862402026443,230.8359146118164,34,1.317140915814568,2866.0986328125,42.09740729444171,3,2,15,0.0,0.03370105361429715,0.4,0.15,0.0,0.1,0.35,49,166.33691009007987,362.0953559875488,37,1.2155394683013092,2878.3974609375,46.01200924021217,3,3,16,0.0,0.03370105361429715,0.35,0.15,0.05,0.1,0.35
256,frozen_ddqn_seed5,0,NOOP,0.195,-0.054301,0.188619,0,49,166.33691009007987,362.0953559875488,37,1.2155394683013092,2878.3974609375,46.01200924021217,3,3,16,0.0,0.03370105361429715,0.35,0.15,0.05,0.1,0.35,45,193.47094917207036,369.065523147583,40,1.129054641723633,2890.3798828125,48.3932894487951,3,4,17,0.0,0.00020105361429714592,0.35,0.1,0.1,0.1,0.35
257,frozen_ddqn_seed5,3,COMPACT_128KB,0.164,0.276106,0.39473,0,45,193.47094917207036,369.065523147583,40,1.129054641723633,2890.3798828125,48.3932894487951,3,4,17,0.0,0.00020105361429714592,0.35,0.1,0.1,0.1,0.35,75,308.3034493573189,173.48647117614746,28,1.5983390808105469,2864.2236328125,18.810902859930874,3,0,18,0.67,0.03370105361429715,0.35,0.1,0.1,0.1,0.35
258,frozen_ddqn_seed5,0,NOOP,0.196125,-0.045637,0.194053,0,75,308.3034493573189,173.48647117614746,28,1.5983390808105469,2864.2236328125,18.810902859930874,3,0,18,0.67,0.03370105361429715,0.35,0.1,0.1,0.1,0.35,66,254.80531730997575,142.33136177062988,31,1.4506668583039315,2878.123046875,34.354594482590976,3,1,19,0.0,0.03370105361429715,0.35,0.1,0.1,0.1,0.35
259,frozen_ddqn_seed5,0,NOOP,0.19575,-0.045523,0.191975,0,66,254.80531730997575,142.33136177062988,31,1.4506668583039315,2878.123046875,34.354594482590976,3,1,19,0.0,0.03370105361429715,0.35,0.1,0.1,0.1,0.35,53,222.1530460609222,231.24241828918457,34,1.3285118551815258,2890.841796875,41.518150926930126,3,2,20,0.0,0.03370105361429715,0.35,0.1,0.1,0.1,0.35
260,frozen_ddqn_seed5,0,NOOP,0.195375,-0.04549,0.188439,0,53,222.1530460609222,231.24241828918457,34,1.3285118551815258,2890.841796875,41.518150926930126,3,2,20,0.0,0.03370105361429715,0.35,0.1,0.1,0.1,0.35,43,144.66458331996483,393.0680751800537,37,1.225763681772593,2902.6083984375,45.650195309422195,3,3,21,0.0,0.0335,0.35,0.1,0.15,0.05,0.35
261,frozen_ddqn_seed5,0,NOOP,0.195,0.331511,0.393559,0,43,144.66458331996483,393.0680751800537,37,1.225763681772593,2902.6083984375,45.650195309422195,3,3,21,0.0,0.0335,0.35,0.1,0.15,0.05,0.35,39,162.96056139344165,172.0743179321289,40,1.138308334350586,2914.0693359375,48.166690373334504,3,4,22,0.67,0.067,0.35,0.1,0.15,0.1,0.3
262,frozen_ddqn_seed5,0,NOOP,0.194625,0.331626,0.392594,0,39,162.96056139344165,172.0743179321289,40,1.138308334350586,2914.0693359375,48.166690373334504,3,4,22,0.67,0.067,0.35,0.1,0.15,0.1,0.3,56,235.61496461477503,205.29723167419434,43,1.0636085687681687,2927.05078125,49.663078281897796,3,5,23,0.67,0.1005,0.35,0.1,0.15,0.15,0.25
263,frozen_ddqn_seed5,3,COMPACT_128KB,0.164,-0.100141,0.194712,0,56,235.61496461477503,205.29723167419434,43,1.0636085687681687,2927.05078125,49.663078281897796,3,5,23,0.67,0.1005,0.35,0.1,0.15,0.15,0.25,52,221.08558934347545,124.42183494567871,28,1.613548823765346,2891.4794921875,16.814024195241533,3,0,24,0.0,0.1005,0.35,0.1,0.15,0.15,0.25
264,frozen_ddqn_seed5,0,NOOP,0.196125,-0.045063,0.192692,0,52,221.08558934347545,124.42183494567871,28,1.613548823765346,2891.4794921875,16.814024195241533,3,0,24,0.0,0.1005,0.35,0.1,0.15,0.15,0.25,38,165.25249433635568,210.4170322418213,31,1.4631421489100302,2902.8740234375,33.884626216716235,3,1,25,0.0,0.1005,0.4,0.1,0.15,0.15,0.2
265,frozen_ddqn_seed5,0,NOOP,0.19575,-0.044905,0.193736,0,38,165.25249433635568,210.4170322418213,31,1.4631421489100302,2902.8740234375,33.884626216716235,3,1,25,0.0,0.1005,0.4,0.1,0.15,0.15,0.2,78,334.92050908257033,143.17679405212402,34,1.340916353113511,2917.833984375,41.17637337168511,3,2,26,0.0,0.1005,0.4,0.05,0.15,0.15,0.25
266,frozen_ddqn_seed5,6,PARTITION_EVENT_TYPE,-0.25917,-0.294818,0.191333,0,78,334.92050908257033,143.17679405212402,34,1.340916353113511,2917.833984375,41.17637337168511,3,2,26,0.0,0.1005,0.4,0.05,0.15,0.15,0.25,47,207.71757565539914,248.34966659545898,37,1.2373018007020693,2929.9306640625,45.45989669353829,3,3,27,0.0,0.1005,0.4,0.05,0.15,0.15,0.25
267,frozen_ddqn_seed5,6,PARTITION_EVENT_TYPE,-0.259545,-0.294696,0.191002,0,47,207.71757565539914,248.34966659545898,37,1.2373018007020693,2929.9306640625,45.45989669353829,3,3,27,0.0,0.1005,0.4,0.05,0.15,0.15,0.25,64,186.1366328697174,249.91297721862793,40,1.1498600006103517,2943.6416015625,48.00006460450763,3,4,28,0.0,0.1005,0.45,0.0,0.15,0.15,0.25
268,frozen_ddqn_seed5,1,COMPACT_32KB,0.563182,-0.084164,0.188041,0,64,186.1366328697174,249.91297721862793,40,1.1498600006103517,2943.6416015625,48.00006460450763,3,4,28,0.0,0.1005,0.45,0.0,0.15,0.15,0.25,41,179.62570401938666,397.9687690734863,40,1.1507884979248046,2946.0185546875,28.27286954390889,3,0,29,0.0,0.1005,0.4,0.0,0.2,0.15,0.25
269,frozen_ddqn_seed5,6,PARTITION_EVENT_TYPE,-0.25992,-0.289151,0.191637,0,41,179.62570401938666,397.9687690734863,40,1.1507884979248046,2946.0185546875,28.27286954390889,3,0,29,0.0,0.1005,0.4,0.0,0.2,0.15,0.25,40,192.3240567622065,203.13453674316406,43,1.0746963855832121,2957.564453125,32.65020729041344,3,1,30,0.0,0.1005,0.35,0.05,0.2,0.15,0.25
270,frozen_ddqn_seed5,6,PARTITION_EVENT_TYPE,-0.260295,-0.289143,0.184314,0,40,192.3240567622065,203.13453674316406,43,1.0746963855832121,2957.564453125,32.65020729041344,3,1,30,0.0,0.1005,0.35,0.05,0.2,0.15,0.25,49,229.0761046085872,554.2981624603271,46,1.0087850819463315,2969.86328125,35.43666328725761,3,2,31,0.0,0.1005,0.35,0.05,0.25,0.15,0.2
271,frozen_ddqn_seed5,5,PARTITION_REGION,0.002164,-0.139139,0.182018,0,49,229.0761046085872,554.2981624603271,46,1.0087850819463315,2969.86328125,35.43666328725761,3,2,31,0.0,0.1005,0.35,0.05,0.25,0.15,0.2,34,155.44703862567377,159.46078300476074,49,0.950536922532685,2980.8837890625,37.347539657740256,2,3,0,0.0,0.1005,0.35,0.05,0.25,0.2,0.15
272,frozen_ddqn_seed5,0,NOOP,0.173432,-0.074402,0.172665,0,34,155.44703862567377,159.46078300476074,49,0.950536922532685,2980.8837890625,37.347539657740256,2,3,0,0.0,0.1005,0.35,0.05,0.25,0.2,0.15,58,248.07003525216464,103.38640213012695,52,0.8996623112605169,2994.076171875,38.592523054719926,2,4,1,0.0,0.1005,0.3,0.05,0.25,0.25,0.15
273,frozen_ddqn_seed5,2,COMPACT_64KB,0.554216,0.255745,0.393153,0,58,248.07003525216464,103.38640213012695,52,0.8996623112605169,2994.076171875,38.592523054719926,2,4,1,0.0,0.1005,0.3,0.05,0.25,0.25,0.15,73,317.2995111760067,197.3721981048584,39,1.1879374186197917,2965.091796875,25.711352577814846,2,0,2,0.67,0.134,0.25,0.1,0.25,0.25,0.15
274,frozen_ddqn_seed5,0,NOOP,0.19475,0.30584,0.393573,0,73,317.2995111760067,197.3721981048584,39,1.1879374186197917,2965.091796875,25.711352577814846,2,0,2,0.67,0.134,0.25,0.1,0.25,0.25,0.15,31,138.25836897275525,161.3626480102539,42,1.1070658365885417,2975.79296875,31.136356899046238,2,1,3,0.67,0.1675,0.2,0.15,0.25,0.25,0.15
275,frozen_ddqn_seed5,0,NOOP,0.194375,0.305954,0.393302,0,31,138.25836897275525,161.3626480102539,42,1.1070658365885417,2975.79296875,31.136356899046238,2,1,3,0.67,0.1675,0.2,0.15,0.25,0.25,0.15,37,167.49421014856426,159.9104404449463,45,1.037172105577257,2987.0556640625,34.4947647507859,2,2,4,0.67,0.201,0.2,0.2,0.2,0.25,0.15
276,frozen_ddqn_seed5,0,NOOP,0.189351,-0.070731,0.185375,0,37,167.49421014856426,159.9104404449463,45,1.037172105577257,2987.0556640625,34.4947647507859,2,2,4,0.67,0.201,0.2,0.2,0.2,0.25,0.15,62,273.8029837042871,258.7621212005615,48,0.9767535527547201,3000.5869140625,36.64788180586486,2,3,5,0.0,0.201,0.25,0.2,0.15,0.25,0.15
277,frozen_ddqn_seed5,0,NOOP,0.178374,-0.078884,0.173329,0,62,273.8029837042871,258.7621212005615,48,0.9767535527547201,3000.5869140625,36.64788180586486,2,3,5,0.0,0.201,0.25,0.2,0.15,0.25,0.15,73,321.97818805885083,316.025972366333,51,0.9237461464077819,3015.107421875,38.083496148195984,2,4,6,0.0,0.1675,0.25,0.2,0.15,0.25,0.15
278,frozen_ddqn_seed5,3,COMPACT_128KB,0.165,-0.073818,0.195329,0,73,321.97818805885083,316.025972366333,51,0.9237461464077819,3015.107421875,38.083496148195984,2,4,6,0.0,0.1675,0.25,0.2,0.15,0.25,0.15,51,211.28680093993262,133.5468292236328,20,2.2876251220703123,2928.16015625,54.09725146314191,2,0,7,0.0,0.1675,0.25,0.2,0.15,0.3,0.1
279,frozen_ddqn_seed5,0,NOOP,0.197125,-0.018836,0.193995,0,51,211.28680093993262,133.5468292236328,20,2.2876251220703123,2928.16015625,54.09725146314191,2,0,7,0.0,0.1675,0.25,0.2,0.15,0.3,0.1,70,329.6424024269479,185.2712631225586,23,1.9989451532778533,2942.447265625,70.04784855385904,2,1,8,0.0,0.16750000000000004,0.25,0.2,0.15,0.3,0.1
280,frozen_ddqn_seed5,0,NOOP,0.19675,0.358027,0.396785,0,70,329.6424024269479,185.2712631225586,23,1.9989451532778533,2942.447265625,70.04784855385904,2,1,8,0.0,0.16750000000000004,0.25,0.2,0.15,0.3,0.1,53,249.244704766411,80.7337760925293,26,1.775924095740685,2955.1376953125,77.08695707047062,2,2,9,0.67,0.201,0.25,0.25,0.1,0.3,0.1
281,frozen_ddqn_seed5,0,NOOP,0.196375,-0.027222,0.194451,0,53,249.244704766411,80.7337760925293,26,1.775924095740685,2955.1376953125,77.08695707047062,2,2,9,0.67,0.201,0.25,0.25,0.1,0.3,0.1,49,229.85674949615603,132.45820999145508,29,1.5988632728313577,2967.490234375,80.36414625653828,2,3,10,0.0,0.1675,0.25,0.25,0.1,0.25,0.15
282,frozen_ddqn_seed5,0,NOOP,0.196,-0.027226,0.188597,0,49,229.85674949615603,132.45820999145508,29,1.5988632728313577,2967.490234375,80.36414625653828,2,3,10,0.0,0.1675,0.25,0.25,0.1,0.25,0.15,41,196.32735065080368,410.1557731628418,32,1.4546489715576172,2979.12109375,81.752462709841,2,4,11,0.0,0.134,0.25,0.25,0.15,0.2,0.15
283,frozen_ddqn_seed5,2,COMPACT_64KB,0.554466,-0.068849,0.191528,0,41,196.32735065080368,410.1557731628418,32,1.4546489715576172,2979.12109375,81.752462709841,2,4,11,0.0,0.134,0.25,0.25,0.15,0.2,0.15,78,368.6635399646161,238.59047889709473,37,1.2682680697054476,3003.2587890625,18.75514298036849,2,0,12,0.0,0.134,0.3,0.25,0.15,0.2,0.1
284,frozen_ddqn_seed5,0,NOOP,0.195,0.35801,0.395108,0,78,368.6635399646161,238.59047889709473,37,1.2682680697054476,3003.2587890625,18.75514298036849,2,0,12,0.0,0.134,0.3,0.25,0.15,0.2,0.1,69,321.4422300933315,94.62475776672363,40,1.1786678314208985,3017.3896484375,27.216770575182007,2,1,13,0.67,0.1675,0.25,0.3,0.15,0.2,0.1
285,frozen_ddqn_seed5,0,NOOP,0.194625,-0.018878,0.192718,0,69,321.4422300933315,94.62475776672363,40,1.1786678314208985,3017.3896484375,27.216770575182007,2,1,13,0.67,0.1675,0.25,0.3,0.15,0.2,0.1,36,171.33536446294778,149.10030364990234,43,1.1004791259765625,3028.5185546875,32.089044084141364,2,2,14,0.0,0.1675,0.25,0.3,0.15,0.25,0.05
286,frozen_ddqn_seed5,0,NOOP,0.19425,0.358018,0.392105,0,36,171.33536446294778,149.10030364990234,43,1.1004791259765625,3028.5185546875,32.089044084141364,2,2,14,0.0,0.1675,0.25,0.3,0.15,0.25,0.05,61,286.9968703798843,214.74337577819824,46,1.0333039656929348,3042.046875,35.098130452623685,2,3,15,0.67,0.201,0.2,0.35,0.15,0.25,0.05
287,frozen_ddqn_seed5,0,NOOP,0.188787,0.358018,0.388952,0,61,286.9968703798843,214.74337577819824,46,1.0333039656929348,3042.046875,35.098130452623685,2,3,15,0.67,0.201,0.2,0.35,0.15,0.25,0.05,68,319.3817259508519,103.01566123962402,49,0.9745614188058036,3056.224609375,37.09662960919193,2,4,16,0.67,0.23450000000000001,0.15,0.4,0.15,0.25,0.05
288,frozen_ddqn_seed5,2,COMPACT_64KB,0.554466,-0.068855,0.18789,0,68,319.3817259508519,103.01566123962402,49,0.9745614188058036,3056.224609375,37.09662960919193,2,4,16,0.67,0.23450000000000001,0.15,0.4,0.15,0.25,0.05,72,337.91233454888874,420.5019474029541,37,1.2793455381651182,3029.490234375,16.62104821756418,2,0,17,0.0,0.23450000000000001,0.15,0.4,0.15,0.25,0.05
289,frozen_ddqn_seed5,0,NOOP,0.195,0.358021,0.394914,0,72,337.91233454888874,420.5019474029541,37,1.2793455381651182,3029.490234375,16.62104821756418,2,0,17,0.0,0.23450000000000001,0.15,0.4,0.15,0.25,0.05,47,211.6372716898041,104.29978370666504,40,1.1881538391113282,3041.673828125,26.189824837762636,2,1,18,0.67,0.268,0.15,0.4,0.15,0.25,0.05
290,frozen_ddqn_seed5,0,NOOP,0.194625,-0.018857,0.190727,0,47,211.6372716898041,104.29978370666504,40,1.1881538391113282,3041.673828125,26.189824837762636,2,1,18,0.67,0.268,0.15,0.4,0.15,0.25,0.05,41,197.8254103377032,248.65221977233887,43,1.1094945863235828,3053.3291015625,31.351046400880104,2,2,19,0.0,0.268,0.2,0.4,0.1,0.25,0.05
291,frozen_ddqn_seed5,0,NOOP,0.19425,-0.018844,0.188075,0,41,197.8254103377032,248.65221977233887,43,1.1094945863235828,3053.3291015625,31.351046400880104,2,2,19,0.0,0.268,0.2,0.4,0.1,0.25,0.05,60,270.13173925224316,366.27197265625,46,1.0416916556980298,3066.740234375,34.543757668485945,2,3,20,0.0,0.268,0.2,0.4,0.1,0.25,0.05
292,frozen_ddqn_seed5,0,NOOP,0.190369,-0.018847,0.182841,0,60,270.13173925224316,366.27197265625,46,1.0416916556980298,3066.740234375,34.543757668485945,2,3,20,0.0,0.268,0.2,0.4,0.1,0.25,0.05,70,287.61373721858354,437.67619132995605,49,0.9824723224250638,3081.033203125,36.65486508599334,2,4,21,0.0,0.268,0.2,0.4,0.15,0.2,0.05
293,frozen_ddqn_seed5,0,NOOP,0.179386,0.349656,0.379068,0,70,287.61373721858354,437.67619132995605,49,0.9824723224250638,3081.033203125,36.65486508599334,2,4,21,0.0,0.268,0.2,0.4,0.15,0.2,0.05,46,204.50434048939945,130.9061050415039,52,0.9294298612154447,3093.142578125,38.16382043642835,2,5,22,0.67,0.268,0.2,0.4,0.15,0.2,0.05
294,frozen_ddqn_seed5,2,COMPACT_64KB,0.216841,-0.077215,0.188671,0,46,204.50434048939945,130.9061050415039,52,0.9294298612154447,3093.142578125,38.16382043642835,2,5,22,0.67,0.268,0.2,0.4,0.15,0.2,0.05,33,150.025831682181,376.4622211456299,38,1.2572748284590871,3057.6923828125,19.214476324168157,2,0,23,0.0,0.23450000000000001,0.2,0.35,0.2,0.2,0.05
295,frozen_ddqn_seed5,5,PARTITION_REGION,-0.25967,-0.277209,0.190721,0,33,150.025831682181,376.4622211456299,38,1.2572748284590871,3057.6923828125,19.214476324168157,2,0,23,0.0,0.23450000000000001,0.2,0.35,0.2,0.2,0.05,56,253.11791678655447,258.96763801574707,41,1.1702397044112043,3070.708984375,27.283128942346803,2,1,24,0.0,0.201,0.25,0.3,0.2,0.2,0.05
296,frozen_ddqn_seed5,0,NOOP,0.1945,-0.01884,0.191022,0,56,253.11791678655447,258.96763801574707,41,1.1702397044112043,3070.708984375,27.283128942346803,2,1,24,0.0,0.201,0.25,0.3,0.2,0.2,0.05,55,201.36707044237838,228.91950607299805,44,1.0950511585582385,3083.6640625,31.87947397374193,2,2,25,0.0,0.201,0.2,0.3,0.2,0.25,0.05
297,frozen_ddqn_seed5,5,PARTITION_REGION,-0.26042,-0.268843,0.186649,0,55,201.36707044237838,228.91950607299805,44,1.0950511585582385,3083.6640625,31.87947397374193,2,2,25,0.0,0.201,0.2,0.3,0.2,0.25,0.05,34,160.09297104084996,432.53326416015625,47,1.0288072951296543,3094.65234375,34.919733072788084,2,3,26,0.0,0.201,0.2,0.3,0.25,0.2,0.05
298,frozen_ddqn_seed5,5,PARTITION_REGION,-0.266449,-0.268851,0.183656,0,34,160.09297104084996,432.53326416015625,47,1.0288072951296543,3094.65234375,34.919733072788084,2,3,26,0.0,0.201,0.2,0.3,0.25,0.2,0.05,77,349.80282843424493,284.56592559814453,50,0.971734619140625,3109.55078125,36.85225856033673,2,4,27,0.0,0.201,0.25,0.3,0.25,0.15,0.05
299,frozen_ddqn_seed5,2,COMPACT_64KB,0.216841,-0.068843,0.193103,0,77,349.80282843424493,284.56592559814453,50,0.971734619140625,3109.55078125,36.85225856033673,2,4,27,0.0,0.201,0.25,0.3,0.25,0.15,0.05,39,186.63577251541722,154.8290252685547,38,1.2665304886667352,3080.2021484375,17.663534034287498,2,0,28,0.0,0.201,0.2,0.3,0.25,0.15,0.1
300,frozen_ddqn_seed5,0,NOOP,0.194875,0.349643,0.392908,0,39,186.63577251541722,154.8290252685547,38,1.2665304886667352,3080.2021484375,17.663534034287498,2,0,28,0.0,0.201,0.2,0.3,0.25,0.15,0.1,80,351.7637969118065,199.60308074951172,41,1.1796729855421113,3095.4619140625,26.26630986738657,2,1,29,0.67,0.201,0.2,0.3,0.25,0.15,0.1
301,frozen_ddqn_seed5,0,NOOP,0.1945,-0.018858,0.187208,0,80,351.7637969118065,199.60308074951172,41,1.1796729855421113,3095.4619140625,26.26630986738657,2,1,29,0.67,0.201,0.2,0.3,0.25,0.15,0.1,32,136.34913772085235,419.62337493896484,44,1.103087685324929,3106.294921875,31.269195645327724,2,2,30,0.0,0.201,0.2,0.3,0.3,0.15,0.05
302,frozen_ddqn_seed5,0,NOOP,0.194125,0.358014,0.393516,0,32,136.34913772085235,419.62337493896484,44,1.103087685324929,3106.294921875,31.269195645327724,2,2,30,0.0,0.201,0.2,0.3,0.3,0.15,0.05,41,188.26947053117672,139.21165466308594,47,1.0365464230801196,3117.931640625,34.43541629786229,2,3,31,0.67,0.23450000000000001,0.2,0.35,0.25,0.15,0.05
303,frozen_ddqn_seed5,4,PARTITION_HOUR,0.007649,-0.118867,0.185548,0,41,188.26947053117672,139.21165466308594,47,1.0365464230801196,3117.931640625,34.43541629786229,2,3,31,0.67,0.23450000000000001,0.2,0.35,0.25,0.15,0.05,61,285.0648495193443,258.41617584228516,50,0.9785836791992187,3131.4677734375,36.51343142943192,1,4,0,0.0,0.23450000000000001,0.15,0.35,0.25,0.2,0.05
304,frozen_ddqn_seed5,2,COMPACT_64KB,0.554341,-0.092302,0.191965,0,61,285.0648495193443,258.41617584228516,50,0.9785836791992187,3131.4677734375,36.51343142943192,1,4,0,0.0,0.23450000000000001,0.15,0.35,0.25,0.2,0.05,54,229.4460753276934,211.75408363342285,38,1.2759808992084705,3103.185546875,18.60221930046432,1,0,1,0.0,0.201,0.15,0.3,0.25,0.25,0.05
305,frozen_ddqn_seed5,0,NOOP,0.195125,-0.033735,0.192575,0,54,229.4460753276934,211.75408363342285,38,1.2759808992084705,3103.185546875,18.60221930046432,1,0,1,0.0,0.201,0.15,0.3,0.25,0.25,0.05,69,315.58232040102195,176.25141143798828,39,1.2468179556039662,3112.0576171875,21.743845617401917,1,1,2,0.0,0.201,0.15,0.3,0.25,0.25,0.05
306,frozen_ddqn_seed5,0,NOOP,0.195,-0.041984,0.192488,0,69,315.58232040102195,176.25141143798828,39,1.2468179556039662,3112.0576171875,21.743845617401917,1,1,2,0.0,0.201,0.15,0.3,0.25,0.25,0.05,46,208.1614557428412,175.60386657714844,40,1.2183052062988282,3118.861328125,24.369448269004447,1,2,3,0.0,0.16750000000000004,0.15,0.25,0.25,0.3,0.05
307,frozen_ddqn_seed5,0,NOOP,0.194875,-0.041775,0.189388,0,46,208.1614557428412,175.60386657714844,40,1.2183052062988282,3118.861328125,24.369448269004447,1,2,3,0.0,0.16750000000000004,0.15,0.25,0.25,0.3,0.05,76,351.06083957132677,325.5927562713623,41,1.192162862638148,3128.2353515625,26.339977940084182,1,3,4,0.0,0.134,0.15,0.2,0.25,0.35,0.05
308,frozen_ddqn_seed5,0,NOOP,0.19475,-0.033283,0.191056,0,76,351.06083957132677,325.5927562713623,41,1.192162862638148,3128.2353515625,26.339977940084182,1,3,4,0.0,0.134,0.15,0.2,0.25,0.35,0.05,43,181.43588557034252,237.19191551208496,42,1.1662034534272694,3134.7548828125,28.156765194301205,1,4,5,0.0,0.134,0.15,0.2,0.2,0.4,0.05
309,frozen_ddqn_seed5,2,COMPACT_64KB,0.554466,-0.091473,0.193543,0,43,181.43588557034252,237.19191551208496,42,1.1662034534272694,3134.7548828125,28.156765194301205,1,4,5,0.0,0.134,0.15,0.2,0.2,0.4,0.05,68,322.47315518952934,137.86625862121582,37,1.3202518772434544,3126.3564453125,10.658921729339593,1,0,6,0.0,0.1005,0.15,0.15,0.2,0.45,0.05
310,frozen_ddqn_seed5,0,NOOP,0.19525,-0.032931,0.193116,0,68,322.47315518952934,137.86625862121582,37,1.3202518772434544,3126.3564453125,10.658921729339593,1,0,6,0.0,0.1005,0.15,0.15,0.2,0.45,0.05,62,283.52776708683,154.17742729187012,38,1.2888777883429277,3134.55078125,16.240429021001788,1,1,7,0.0,0.1005,0.1,0.15,0.2,0.45,0.1
311,frozen_ddqn_seed5,0,NOOP,0.195125,-0.032764,0.192431,0,62,283.52776708683,154.17742729187012,38,1.2888777883429277,3134.55078125,16.240429021001788,1,1,7,0.0,0.1005,0.1,0.15,0.2,0.45,0.1,62,255.07893074481402,183.44926834106445,39,1.2591204520983574,3142.7646484375,19.95654947187849,1,2,8,0.0,0.1005,0.1,0.15,0.2,0.45,0.1
312,frozen_ddqn_seed5,0,NOOP,0.195,0.389228,0.412932,0,62,255.07893074481402,183.44926834106445,39,1.2591204520983574,3142.7646484375,19.95654947187849,1,2,8,0.0,0.1005,0.1,0.15,0.2,0.45,0.1,44,203.15804329135858,403.4159183502197,40,1.2302238464355468,3149.373046875,22.909837120325577,1,3,9,0.75,0.138,0.1,0.15,0.2,0.45,0.1
313,frozen_ddqn_seed5,0,NOOP,0.194875,-0.040897,0.19201,0,44,203.15804329135858,403.4159183502197,40,1.2302238464355468,3149.373046875,22.909837120325577,1,3,9,0.75,0.138,0.1,0.15,0.2,0.45,0.1,47,221.40938415368305,194.49639320373535,41,1.2028499696312882,3156.2783203125,25.250315997051686,1,4,10,0.0,0.1045,0.1,0.1,0.2,0.5,0.1
314,frozen_ddqn_seed5,2,COMPACT_64KB,0.554341,-0.082342,0.192793,0,47,221.40938415368305,194.49639320373535,41,1.2028499696312882,3156.2783203125,25.250315997051686,1,4,10,0.0,0.1045,0.1,0.1,0.2,0.5,0.1,68,234.3691067252399,170.37057876586914,38,1.296685871325041,3153.5400390625,14.03503298184775,1,0,11,0.0,0.1045,0.1,0.1,0.15,0.55,0.1
315,frozen_ddqn_seed5,0,NOOP,0.195125,-0.032202,0.193817,0,68,234.3691067252399,170.37057876586914,38,1.296685871325041,3153.5400390625,14.03503298184775,1,0,11,0.0,0.1045,0.1,0.1,0.15,0.55,0.1,53,250.0513065094881,114.12549018859863,39,1.2664317595653045,3161.013671875,18.385154196879217,1,1,12,0.0,0.1045,0.05,0.15,0.15,0.55,0.1
316,frozen_ddqn_seed5,0,NOOP,0.195,-0.032019,0.192524,0,53,250.0513065094881,114.12549018859863,39,1.2664317595653045,3161.013671875,18.385154196879217,1,1,12,0.0,0.1045,0.05,0.15,0.15,0.55,0.1,70,317.35635526029915,173.8145351409912,40,1.2382843017578125,3170.0078125,21.427877302369303,1,2,13,0.0,0.1045,0.05,0.15,0.15,0.55,0.1
317,frozen_ddqn_seed5,0,NOOP,0.194875,-0.031811,0.192269,0,70,317.35635526029915,173.8145351409912,40,1.2382843017578125,3170.0078125,21.427877302369303,1,2,13,0.0,0.1045,0.05,0.15,0.15,0.55,0.1,80,297.49632500926504,181.54191970825195,41,1.2118065066453887,3179.7802734375,23.778363680987056,1,3,14,0.0,0.1045,0.05,0.15,0.1,0.55,0.15
318,frozen_ddqn_seed5,0,NOOP,0.19475,0.485895,0.465691,0,80,297.49632500926504,181.54191970825195,41,1.2118065066453887,3179.7802734375,23.778363680987056,1,3,14,0.0,0.1045,0.05,0.15,0.1,0.55,0.15,80,360.7537952092203,305.42683601379395,42,1.1865982782273066,3189.576171875,25.70872680860031,1,4,15,0.92,0.1505,0.05,0.15,0.1,0.55,0.15
319,frozen_ddqn_seed5,2,COMPACT_64KB,0.216841,-0.081512,0.194323,0,80,360.7537952092203,305.42683601379395,42,1.1865982782273066,3189.576171875,25.70872680860031,1,4,15,0.92,0.1505,0.05,0.15,0.1,0.55,0.15,36,146.2206921796425,93.86372566223145,38,1.3079934371145148,3181.0400390625,11.572861606284475,1,0,16,0.0,0.1505,0.05,0.2,0.1,0.55,0.1
320,frozen_ddqn_seed5,0,NOOP,0.195125,0.382184,0.413638,0,36,146.2206921796425,93.86372566223145,38,1.3079934371145148,3181.0400390625,11.572861606284475,1,0,16,0.0,0.1505,0.05,0.2,0.1,0.55,0.1,77,353.7279583624491,373.1245994567871,39,1.278311313726963,3190.6650390625,16.466500264868362,1,1,17,0.75,0.1545,0.05,0.15,0.15,0.55,0.1
321,frozen_ddqn_seed5,0,NOOP,0.195,-0.031143,0.191715,0,77,353.7279583624491,373.1245994567871,39,1.278311313726963,3190.6650390625,16.466500264868362,1,1,17,0.75,0.1545,0.05,0.15,0.15,0.55,0.1,68,310.07106965417523,214.2493724822998,40,1.2498065948486328,3199.5048828125,19.932794374685688,1,2,18,0.0,0.1545,0.05,0.15,0.1,0.6,0.1
322,frozen_ddqn_seed5,0,NOOP,0.194875,-0.039367,0.192284,0,68,310.07106965417523,214.2493724822998,40,1.2498065948486328,3199.5048828125,19.932794374685688,1,2,18,0.0,0.1545,0.05,0.15,0.1,0.6,0.1,60,271.8642808066753,180.77802658081055,41,1.2224002000762195,3207.578125,22.661021003616312,1,3,19,0.0,0.121,0.05,0.1,0.1,0.65,0.1
323,frozen_ddqn_seed5,0,NOOP,0.19475,0.486628,0.464401,0,60,271.8642808066753,180.77802658081055,41,1.2224002000762195,3207.578125,22.661021003616312,1,3,19,0.0,0.121,0.05,0.1,0.1,0.65,0.1,48,226.08289509589568,369.95601654052734,42,1.1958778018043155,3214.51953125,24.94014290528493,1,4,20,0.92,0.16699999999999998,0.1,0.1,0.1,0.6,0.1
324,frozen_ddqn_seed5,0,NOOP,0.194625,-0.030759,0.191071,0,48,226.08289509589568,369.95601654052734,42,1.1958778018043155,3214.51953125,24.94014290528493,1,4,20,0.92,0.16699999999999998,0.1,0.1,0.1,0.6,0.1,45,197.9362346076484,231.44793510437012,43,1.1705325814180596,3221.3056640625,26.839189408980843,1,5,21,0.0,0.16699999999999998,0.1,0.1,0.1,0.6,0.1
325,frozen_ddqn_seed5,7,REMOVE_PARTITION,0.130864,-0.065596,0.190082,0,45,197.9362346076484,231.44793510437012,43,1.1705325814180596,3221.3056640625,26.839189408980843,1,5,21,0.0,0.16699999999999998,0.1,0.1,0.1,0.6,0.1,66,296.2725813287441,275.88582038879395,44,1.1470205133611506,3230.009765625,28.341152051533125,0,6,0,0.0,0.16699999999999998,0.15,0.1,0.1,0.55,0.1
326,frozen_ddqn_seed5,2,COMPACT_64KB,0.554216,-0.091995,0.188679,0,66,296.2725813287441,275.88582038879395,44,1.1470205133611506,3230.009765625,28.341152051533125,0,6,0,0.0,0.16699999999999998,0.15,0.1,0.1,0.55,0.1,73,298.14733250499535,371.0589408874512,39,1.2906904954176683,3221.5634765625,13.350380697512426,0,0,1,0.0,0.16699999999999998,0.15,0.1,0.15,0.5,0.1
327,frozen_ddqn_seed5,0,NOOP,0.195,-0.041906,0.193057,0,73,298.14733250499535,371.0589408874512,39,1.2906904954176683,3221.5634765625,13.350380697512426,0,0,1,0.0,0.16699999999999998,0.15,0.1,0.15,0.5,0.1,33,142.24613430403085,147.16577529907227,40,1.260641860961914,3227.2431640625,17.933128007333195,0,1,2,0.0,0.16699999999999998,0.15,0.1,0.15,0.5,0.1
328,frozen_ddqn_seed5,0,NOOP,0.194875,-0.041762,0.191447,0,33,142.24613430403085,147.16577529907227,40,1.260641860961914,3227.2431640625,17.933128007333195,0,1,2,0.0,0.16699999999999998,0.15,0.1,0.15,0.5,0.1,54,234.8003570328949,222.6259708404541,41,1.2327877137719132,3234.8349609375,21.067768964316695,0,2,3,0.0,0.16699999999999998,0.15,0.1,0.15,0.5,0.1
329,frozen_ddqn_seed5,0,NOOP,0.19475,-0.041655,0.191402,0,54,234.8003570328949,222.6259708404541,41,1.2327877137719132,3234.8349609375,21.067768964316695,0,2,3,0.0,0.16699999999999998,0.15,0.1,0.15,0.5,0.1,40,172.67385265532675,219.88463401794434,42,1.2057705833798362,3241.111328125,23.634630795874763,0,3,4,0.0,0.16699999999999998,0.15,0.1,0.15,0.5,0.1
330,frozen_ddqn_seed5,0,NOOP,0.194625,-0.041525,0.191906,0,40,172.67385265532675,219.88463401794434,42,1.2057705833798362,3241.111328125,23.634630795874763,0,3,4,0.0,0.16699999999999998,0.15,0.1,0.15,0.5,0.1,49,174.80607089515425,189.72158432006836,43,1.180293593295785,3248.16796875,25.6830004388379,0,4,5,0.0,0.16699999999999998,0.15,0.1,0.15,0.55,0.05
331,frozen_ddqn_seed5,2,COMPACT_64KB,0.554091,-0.091316,0.192208,0,49,174.80607089515425,189.72158432006836,43,1.180293593295785,3248.16796875,25.6830004388379,0,4,5,0.0,0.16699999999999998,0.15,0.1,0.15,0.55,0.05,79,296.7206402395615,189.6069049835205,40,1.2681640625,3246.5,16.526622555266147,0,0,6,0.0,0.16699999999999998,0.15,0.15,0.15,0.5,0.05
332,frozen_ddqn_seed5,0,NOOP,0.194875,-0.050581,0.192943,0,79,296.7206402395615,189.6069049835205,40,1.2681640625,3246.5,16.526622555266147,0,0,6,0.0,0.16699999999999998,0.15,0.15,0.15,0.5,0.05,42,163.316724223447,147.84669876098633,41,1.239691757574314,3252.951171875,20.060958590429237,0,1,7,0.0,0.1295,0.15,0.2,0.1,0.5,0.05
333,frozen_ddqn_seed5,0,NOOP,0.19475,-0.041073,0.192105,0,42,163.316724223447,147.84669876098633,41,1.239691757574314,3252.951171875,20.060958590429237,0,1,7,0.0,0.1295,0.15,0.2,0.1,0.5,0.05,51,214.24973257532963,184.77368354797363,42,1.2128695533389138,3260.193359375,22.724248974295982,0,2,8,0.0,0.1295,0.15,0.2,0.1,0.45,0.1
334,frozen_ddqn_seed5,0,NOOP,0.194625,-0.040961,0.189738,0,51,214.24973257532963,184.77368354797363,42,1.2128695533389138,3260.193359375,22.724248974295982,0,2,8,0.0,0.1295,0.15,0.2,0.1,0.45,0.1,43,186.26045988051163,298.11644554138184,43,1.1870450751726018,3266.748046875,24.931042216005224,0,3,9,0.0,0.1295,0.15,0.2,0.1,0.45,0.1
335,frozen_ddqn_seed5,0,NOOP,0.1945,-0.040865,0.191673,0,43,186.26045988051163,298.11644554138184,43,1.1870450751726018,3266.748046875,24.931042216005224,0,3,9,0.0,0.1295,0.15,0.2,0.1,0.45,0.1,37,131.77058442435106,196.36964797973633,44,1.1621998873623935,3272.7548828125,26.802076989107256,0,4,10,0.0,0.1295,0.15,0.15,0.1,0.5,0.1
336,frozen_ddqn_seed5,2,COMPACT_64KB,0.554091,-0.09066,0.192877,0,37,131.77058442435106,196.36964797973633,44,1.1621998873623935,3272.7548828125,26.802076989107256,0,4,10,0.0,0.1295,0.15,0.15,0.1,0.5,0.1,80,332.8238181107626,156.1567783355713,40,1.2765914916992187,3268.07421875,14.478908253826496,0,0,11,0.0,0.1295,0.15,0.15,0.1,0.5,0.1
337,frozen_ddqn_seed5,0,NOOP,0.194875,-0.040458,0.19243,0,80,332.8238181107626,156.1567783355713,40,1.2765914916992187,3268.07421875,14.478908253826496,0,0,11,0.0,0.1295,0.15,0.15,0.1,0.5,0.1,79,329.3263058505484,173.4766960144043,41,1.2491670934165395,3277.814453125,18.185215993368367,0,1,12,0.0,0.1295,0.15,0.15,0.1,0.5,0.1
338,frozen_ddqn_seed5,0,NOOP,0.19475,-0.051826,0.187661,0,79,329.3263058505484,173.4766960144043,41,1.2491670934165395,3277.814453125,18.185215993368367,0,1,12,0.0,0.1295,0.15,0.15,0.1,0.5,0.1,52,214.9981595847976,406.9550037384033,42,1.2221588861374628,3285.1630859375,21.168933825201115,0,2,13,0.0,0.08349999999999999,0.1,0.15,0.15,0.5,0.1
339,frozen_ddqn_seed5,0,NOOP,0.194625,-0.040238,0.192649,0,52,214.9981595847976,406.9550037384033,42,1.2221588861374628,3285.1630859375,21.168933825201115,0,2,13,0.0,0.08349999999999999,0.1,0.15,0.15,0.5,0.1,35,149.24755364195994,152.53710746765137,43,1.1958536547283793,3290.9892578125,23.650128807982174,0,3,14,0.0,0.08349999999999999,0.1,0.15,0.15,0.5,0.1
340,frozen_ddqn_seed5,0,NOOP,0.1945,-0.04953,0.18921,0,35,149.24755364195994,152.53710746765137,43,1.1958536547283793,3290.9892578125,23.650128807982174,0,3,14,0.0,0.08349999999999999,0.1,0.15,0.15,0.5,0.1,33,143.07424949401187,319.4897174835205,44,1.1706761446866123,3296.6240234375,25.701482608173404,0,4,15,0.0,0.046,0.1,0.15,0.1,0.55,0.1
341,frozen_ddqn_seed5,2,COMPACT_64KB,0.553966,-0.089983,0.192573,0,33,143.07424949401187,319.4897174835205,44,1.1706761446866123,3296.6240234375,25.701482608173404,0,4,15,0.0,0.046,0.1,0.15,0.1,0.55,0.1,69,284.6910684511074,166.34082794189453,41,1.2553736989091082,3294.1005859375,17.390366499251932,0,0,16,0.0,0.046,0.1,0.15,0.1,0.5,0.15
342,frozen_ddqn_seed5,0,NOOP,0.19475,-0.039832,0.192034,0,69,284.6910684511074,166.34082794189453,41,1.2553736989091082,3294.1005859375,17.390366499251932,0,0,16,0.0,0.046,0.1,0.15,0.1,0.5,0.15,61,256.25871406178794,188.29655647277832,42,1.2285250709170388,3302.275390625,20.470898765576273,0,1,17,0.0,0.046,0.1,0.15,0.1,0.5,0.15
343,frozen_ddqn_seed5,0,NOOP,0.194625,-0.051233,0.190799,0,61,256.25871406178794,188.29655647277832,42,1.2285250709170388,3302.275390625,20.470898765576273,0,1,17,0.0,0.046,0.1,0.15,0.1,0.5,0.15,40,173.35201464747286,245.0275421142578,43,1.20223573196766,3308.552734375,23.03925695179773,0,2,18,0.0,0.0,0.05,0.15,0.1,0.55,0.15
344,frozen_ddqn_seed5,0,NOOP,0.1945,-0.039635,0.191786,0,40,173.35201464747286,245.0275421142578,43,1.20223573196766,3308.552734375,23.03925695179773,0,2,18,0.0,0.0,0.05,0.15,0.1,0.55,0.15,40,174.0523156534062,190.6888484954834,44,1.1771160472523083,3314.7587890625,25.14327123057346,0,3,19,0.0,0.0,0.05,0.15,0.1,0.55,0.15
345,frozen_ddqn_seed5,0,NOOP,0.194375,-0.039503,0.192032,0,40,174.0523156534062,190.6888484954834,44,1.1771160472523083,3314.7587890625,25.14327123057346,0,3,19,0.0,0.0,0.05,0.15,0.1,0.55,0.15,54,212.6282064280645,173.42185974121094,45,1.1535437689887154,3322.2060546875,26.837177578722567,0,4,20,0.0,0.0,0.0,0.2,0.1,0.55,0.15
346,frozen_ddqn_seed5,0,NOOP,0.19425,-0.039417,0.189964,0,54,212.6282064280645,173.42185974121094,45,1.1535437689887154,3322.2060546875,26.837177578722567,0,4,20,0.0,0.0,0.0,0.2,0.1,0.55,0.15,35,151.12850705657925,271.78478240966797,46,1.1304407534391985,3328.017578125,28.368923339592214,0,5,21,0.0,0.0,0.05,0.2,0.05,0.55,0.15
347,frozen_ddqn_seed5,0,NOOP,0.194125,-0.039345,0.188967,0,35,151.12850705657925,271.78478240966797,46,1.1304407534391985,3328.017578125,28.368923339592214,0,5,21,0.0,0.0,0.05,0.2,0.05,0.55,0.15,30,131.2587702918945,316.6329860687256,47,1.1081835158327793,3333.416015625,29.709724593547612,0,6,22,0.0,0.0,0.1,0.2,0.05,0.5,0.15
348,frozen_ddqn_seed5,0,NOOP,0.194,-0.039162,0.191567,0,30,131.2587702918945,316.6329860687256,47,1.1081835158327793,3333.416015625,29.709724593547612,0,6,22,0.0,0.0,0.1,0.2,0.05,0.5,0.15,76,315.5241468189944,181.6558837890625,48,1.0881671905517578,3342.849609375,30.702755747227865,0,7,23,0.0,0.0,0.1,0.2,0.05,0.5,0.15
349,frozen_ddqn_seed5,0,NOOP,0.193875,-0.039066,0.190958,0,76,315.5241468189944,181.6558837890625,48,1.0881671905517578,3342.849609375,30.702755747227865,0,7,23,0.0,0.0,0.1,0.2,0.05,0.5,0.15,40,175.3079474281463,207.11278915405273,49,1.0679632692920917,3349.1328125,31.70090748659214,0,8,24,0.0,0.0,0.1,0.2,0.05,0.5,0.15
350,frozen_ddqn_seed5,0,NOOP,0.19375,-0.038883,0.190475,0,40,175.3079474281463,207.11278915405273,49,1.0679632692920917,3349.1328125,31.70090748659214,0,8,24,0.0,0.0,0.1,0.2,0.05,0.5,0.15,77,266.8767295348022,226.23801231384277,50,1.0496002197265626,3358.720703125,32.45762295046485,0,9,25,0.0,0.0,0.1,0.2,0.05,0.5,0.15
351,frozen_ddqn_seed5,0,NOOP,0.193625,-0.038694,0.19051,0,77,266.8767295348022,226.23801231384277,50,1.0496002197265626,3358.720703125,32.45762295046485,0,9,25,0.0,0.0,0.1,0.2,0.05,0.5,0.15,80,339.2598943630643,219.50435638427734,51,1.0320593142041974,3368.6416015625,33.11647877387239,0,10,26,0.0,0.0,0.1,0.15,0.05,0.55,0.15
352,frozen_ddqn_seed5,5,PARTITION_REGION,0.011682,-0.138525,0.188722,0,80,339.2598943630643,219.50435638427734,51,1.0320593142041974,3368.6416015625,33.11647877387239,0,10,26,0.0,0.0,0.1,0.15,0.05,0.55,0.15,72,305.4905036816885,303.88569831848145,52,1.014937767615685,3377.712890625,33.72884913434999,2,11,0,0.0,0.0,0.15,0.1,0.05,0.55,0.15
353,frozen_ddqn_seed5,2,COMPACT_64KB,0.553341,-0.090292,0.190998,0,72,305.4905036816885,303.88569831848145,52,1.014937767615685,3377.712890625,33.72884913434999,2,11,0,0.0,0.0,0.15,0.1,0.05,0.55,0.15,77,279.3817641390121,220.09634971618652,46,1.1436366205630095,3366.8662109375,26.659457171815042,2,0,1,0.0,0.0,0.15,0.1,0.05,0.6,0.1
354,frozen_ddqn_seed5,0,NOOP,0.193875,0.336574,0.393853,0,77,279.3817641390121,220.09634971618652,46,1.1436366205630095,3366.8662109375,26.659457171815042,2,0,1,0.0,0.0,0.15,0.1,0.05,0.6,0.1,99,383.93609018385166,112.36166954040527,49,1.0790193518813775,3383.8046875,30.562294138152218,2,1,2,0.67,0.0335,0.15,0.15,0.05,0.55,0.1
355,frozen_ddqn_seed5,0,NOOP,0.1935,-0.040314,0.190006,0,99,383.93609018385166,112.36166954040527,49,1.0790193518813775,3383.8046875,30.562294138152218,2,1,2,0.67,0.0335,0.15,0.15,0.05,0.55,0.1,52,209.89522552035015,239.72392082214355,52,1.0205758901742787,3396.4765625,33.34859041920755,2,2,3,0.0,0.0335,0.15,0.15,0.05,0.55,0.1
356,frozen_ddqn_seed5,0,NOOP,0.186938,-0.040338,0.182583,0,52,209.89522552035015,239.72392082214355,52,1.0205758901742787,3396.4765625,33.34859041920755,2,2,3,0.0,0.0335,0.15,0.15,0.05,0.55,0.1,74,237.8266289264418,286.4956855773926,55,0.9690646084872159,3411.107421875,35.24622868167414,2,3,4,0.0,0.0335,0.15,0.15,0.05,0.55,0.1
357,frozen_ddqn_seed5,0,NOOP,0.177261,-0.04036,0.174492,0,74,237.8266289264418,286.4956855773926,55,0.9690646084872159,3411.107421875,35.24622868167414,2,3,4,0.0,0.0335,0.15,0.15,0.05,0.55,0.1,61,245.09038031019887,210.94775199890137,58,0.9225571731041218,3424.5322265625,36.636585623083256,2,4,5,0.0,0.0335,0.15,0.15,0.05,0.55,0.1
358,frozen_ddqn_seed5,2,COMPACT_64KB,0.553716,0.286493,0.394186,0,61,245.09038031019887,210.94775199890137,58,0.9225571731041218,3424.5322265625,36.636585623083256,2,4,5,0.0,0.0335,0.15,0.15,0.05,0.55,0.1,84,327.3882980008512,125.7171630859375,43,1.231884623682776,3390.146484375,17.95973542479032,2,0,6,0.67,0.067,0.15,0.2,0.0,0.55,0.1
359,frozen_ddqn_seed5,0,NOOP,0.19425,-0.040391,0.191184,0,84,327.3882980008512,125.7171630859375,43,1.231884623682776,3390.146484375,17.95973542479032,2,0,6,0.67,0.067,0.15,0.2,0.0,0.55,0.1,59,227.62965375013567,210.82234382629395,46,1.15606921652089,3403.4677734375,25.41738376707909,2,1,7,0.0,0.067,0.15,0.15,0.0,0.6,0.1
360,frozen_ddqn_seed5,0,NOOP,0.193875,-0.040412,0.190748,0,59,227.62965375013567,210.82234382629395,46,1.15606921652089,3403.4677734375,25.41738376707909,2,1,7,0.0,0.067,0.15,0.15,0.0,0.6,0.1,94,348.6302683889588,217.60034561157227,49,1.0905244788345025,3419.884765625,29.68488284224302,2,2,8,0.0,0.067,0.15,0.15,0.0,0.6,0.1
361,frozen_ddqn_seed5,0,NOOP,0.1935,-0.040439,0.188968,0,94,348.6302683889588,217.60034561157227,49,1.0905244788345025,3419.884765625,29.68488284224302,2,2,8,0.0,0.067,0.15,0.15,0.0,0.6,0.1,85,325.6887485703219,291.6247844696045,52,1.0323213430551381,3435.5654296875,32.56603662672171,2,3,9,0.0,0.067,0.2,0.15,0.0,0.6,0.05
362,frozen_ddqn_seed5,0,NOOP,0.189131,-0.040443,0.185555,0,85,325.6887485703219,291.6247844696045,52,1.0323213430551381,3435.5654296875,32.56603662672171,2,3,9,0.0,0.067,0.2,0.15,0.0,0.6,0.05,68,263.1788152312124,247.54905700683594,55,0.9800312389026988,3449.7099609375,34.6318121838728,2,4,10,0.0,0.067,0.2,0.15,0.0,0.6,0.05
363,frozen_ddqn_seed5,2,COMPACT_64KB,0.553591,-0.090443,0.192231,0,68,263.1788152312124,247.54905700683594,55,0.9800312389026988,3449.7099609375,34.6318121838728,2,4,10,0.0,0.067,0.2,0.15,0.0,0.6,0.05,58,216.88860359083267,168.46656799316406,44,1.215987118807706,3424.2197265625,19.08659597203644,2,0,11,0.0,0.067,0.2,0.15,0.0,0.6,0.05
364,frozen_ddqn_seed5,0,NOOP,0.194125,-0.04045,0.187895,0,58,216.88860359083267,168.46656799316406,44,1.215987118807706,3424.2197265625,19.08659597203644,2,0,11,0.0,0.067,0.2,0.15,0.0,0.6,0.05,52,209.06308399569036,370.2356815338135,47,1.1425859167220744,3436.8984375,25.908736884689404,2,1,12,0.0,0.067,0.2,0.15,0.0,0.6,0.05
365,frozen_ddqn_seed5,0,NOOP,0.19375,-0.040463,0.191072,0,52,209.06308399569036,370.2356815338135,47,1.1425859167220744,3436.8984375,25.908736884689404,2,1,12,0.0,0.067,0.2,0.15,0.0,0.6,0.05,92,358.95171756861345,196.40851020812988,50,1.0791360473632812,3453.2353515625,29.89713399919269,2,2,13,0.0,0.067,0.2,0.1,0.0,0.65,0.05
366,frozen_ddqn_seed5,0,NOOP,0.193375,-0.04047,0.189268,0,92,358.95171756861345,196.40851020812988,50,1.0791360473632812,3453.2353515625,29.89713399919269,2,2,13,0.0,0.067,0.2,0.1,0.0,0.65,0.05,83,331.8405002478362,271.6057300567627,53,1.0226166923091096,3468.7158203125,32.62785498561996,2,3,14,0.0,0.067,0.15,0.1,0.0,0.7,0.05
367,frozen_ddqn_seed5,0,NOOP,0.187414,-0.040483,0.184046,0,83,331.8405002478362,271.6057300567627,53,1.0226166923091096,3468.7158203125,32.62785498561996,2,3,14,0.0,0.067,0.15,0.1,0.0,0.7,0.05,80,300.5931518605647,238.38376998901367,56,0.9720696040562221,3483.8974609375,34.56589533692364,2,4,15,0.0,0.067,0.1,0.1,0.0,0.75,0.05
368,frozen_ddqn_seed5,2,COMPACT_64KB,0.553591,0.286376,0.394428,0,80,300.5931518605647,238.38376998901367,56,0.9720696040562221,3483.8974609375,34.56589533692364,2,4,15,0.0,0.067,0.1,0.1,0.0,0.75,0.05,86,328.18354470112666,108.58988761901855,44,1.2281112670898438,3458.361328125,17.14116581657227,2,0,16,0.67,0.1005,0.1,0.15,0.0,0.7,0.05
369,frozen_ddqn_seed5,0,NOOP,0.194125,-0.040501,0.189728,0,86,328.18354470112666,108.58988761901855,44,1.2281112670898438,3458.361328125,17.14116581657227,2,0,16,0.67,0.1005,0.1,0.15,0.0,0.7,0.05,80,315.61452519221257,278.58734130859375,47,1.1547679495304188,3473.5419921875,24.59388554971643,2,1,17,0.0,0.1005,0.1,0.15,0.0,0.7,0.05
370,frozen_ddqn_seed5,0,NOOP,0.19375,-0.040501,0.190387,0,80,315.61452519221257,278.58734130859375,47,1.1547679495304188,3473.5419921875,24.59388554971643,2,1,17,0.0,0.1005,0.1,0.15,0.0,0.7,0.05,73,276.5681664625268,230.6675910949707,50,1.0900244140625,3488.078125,29.022659191059205,2,2,18,0.0,0.1005,0.1,0.15,0.0,0.7,0.05
371,frozen_ddqn_seed5,0,NOOP,0.193375,-0.040513,0.189966,0,73,276.5681664625268,230.6675910949707,50,1.0900244140625,3488.078125,29.022659191059205,2,2,18,0.0,0.1005,0.1,0.15,0.0,0.7,0.05,99,388.9234780898324,236.7117404937744,53,1.0333223162956957,3505.029296875,31.898049373802937,2,3,19,0.0,0.1005,0.1,0.15,0.0,0.7,0.05
372,frozen_ddqn_seed5,0,NOOP,0.189416,-0.040522,0.185663,0,99,388.9234780898324,236.7117404937744,53,1.0333223162956957,3505.029296875,31.898049373802937,2,3,19,0.0,0.1005,0.1,0.15,0.0,0.7,0.05,75,295.4742320621958,257.62009620666504,56,0.9820780072893415,3519.767578125,33.992657422930165,2,4,20,0.0,0.1005,0.05,0.15,0.0,0.75,0.05
373,frozen_ddqn_seed5,2,COMPACT_64KB,0.553466,0.286334,0.392806,0,75,295.4742320621958,257.62009620666504,56,0.9820780072893415,3519.767578125,33.992657422930165,2,4,20,0.0,0.1005,0.05,0.15,0.0,0.75,0.05,95,371.40568957160434,184.68427658081055,45,1.214180162217882,3496.8388671875,18.429988616646472,2,0,21,0.67,0.134,0.05,0.2,0.0,0.7,0.05
374,frozen_ddqn_seed5,0,NOOP,0.194,-0.048929,0.191489,0,95,371.40568957160434,184.68427658081055,45,1.214180162217882,3496.8388671875,18.429988616646472,2,0,21,0.67,0.134,0.05,0.2,0.0,0.7,0.05,55,200.2094378972199,185.55521965026855,48,1.1424919764200847,3509.7353515625,25.307877245766285,2,1,22,0.0,0.1005,0.05,0.15,0.0,0.7,0.1
375,frozen_ddqn_seed5,6,PARTITION_EVENT_TYPE,0.011807,-0.140565,0.190903,0,55,200.2094378972199,185.55521965026855,48,1.1424919764200847,3509.7353515625,25.307877245766285,2,1,22,0.0,0.1005,0.05,0.15,0.0,0.7,0.1,55,222.11956825250104,199.8312473297119,51,1.079265220492494,3522.7216796875,29.484143676224566,3,2,0,0.0,0.1005,0.05,0.15,0.0,0.65,0.15
376,frozen_ddqn_seed5,0,NOOP,0.19325,-0.064107,0.190254,0,55,222.11956825250104,199.8312473297119,51,1.079265220492494,3522.7216796875,29.484143676224566,3,2,0,0.0,0.1005,0.05,0.15,0.0,0.65,0.15,69,226.11880874044547,217.29683876037598,54,1.0234078301323786,3536.8974609375,32.27310271630248,3,3,1,0.0,0.1005,0.05,0.15,0.0,0.6,0.2
377,frozen_ddqn_seed5,0,NOOP,0.187576,-0.062577,0.185601,0,69,226.11880874044547,217.29683876037598,54,1.0234078301323786,3536.8974609375,32.27310271630248,3,3,1,0.0,0.1005,0.05,0.15,0.0,0.6,0.2,72,272.9018279612647,205.8267593383789,57,0.9735040497361568,3551.3427734375,34.24590292671956,3,4,2,0.002388259682475478,0.10061941298412377,0.05,0.15,0.0,0.65,0.15
378,frozen_ddqn_seed5,2,COMPACT_64KB,0.552966,0.255871,0.392757,0,72,272.9018279612647,205.8267593383789,57,0.9735040497361568,3551.3427734375,34.24590292671956,3,4,2,0.002388259682475478,0.10061941298412377,0.05,0.15,0.0,0.65,0.15,56,213.58198746411597,167.17100143432617,49,1.1272134586256377,3534.94140625,25.93260688695489,3,0,3,0.67,0.10061941298412377,0.05,0.1,0.0,0.7,0.15
379,frozen_ddqn_seed5,0,NOOP,0.1935,-0.062396,0.185249,0,56,213.58198746411597,167.17100143432617,49,1.1272134586256377,3534.94140625,25.93260688695489,3,0,3,0.67,0.10061941298412377,0.05,0.1,0.0,0.7,0.15,94,339.73008376395813,477.5257110595703,52,1.0671198918269231,3551.375,29.657674773049717,3,1,4,0.0,0.10061941298412377,0.05,0.1,0.05,0.65,0.15
380,frozen_ddqn_seed5,0,NOOP,0.193125,0.314683,0.391187,0,94,339.73008376395813,477.5257110595703,52,1.0671198918269231,3551.375,29.657674773049717,3,1,4,0.0,0.10061941298412377,0.05,0.1,0.05,0.65,0.15,83,313.3737677794871,215.66152572631836,55,1.0133181485262783,3566.8798828125,32.25345656522221,3,2,5,0.67,0.13411941298412378,0.05,0.1,0.05,0.65,0.15
381,frozen_ddqn_seed5,0,NOOP,0.185657,-0.062042,0.182567,0,83,313.3737677794871,215.66152572631836,55,1.0133181485262783,3566.8798828125,32.25345656522221,3,2,5,0.67,0.13411941298412378,0.05,0.1,0.05,0.65,0.15,61,240.47964238114304,227.01263427734375,58,0.9645369957233297,3580.361328125,34.16765738306019,3,3,6,0.0,0.13411941298412378,0.0,0.1,0.05,0.65,0.2
382,frozen_ddqn_seed5,0,NOOP,0.176459,-0.061907,0.174195,0,61,240.47964238114304,227.01263427734375,58,0.9645369957233297,3580.361328125,34.16765738306019,3,3,6,0.0,0.13411941298412378,0.0,0.1,0.05,0.65,0.2,55,211.86602536844492,189.48841094970703,61,0.9204219130219006,3593.3271484375,35.57822018933801,3,4,7,0.0,0.13411941298412378,0.0,0.15,0.05,0.6,0.2
383,frozen_ddqn_seed5,2,COMPACT_64KB,0.553216,-0.111673,0.186183,0,55,211.86602536844492,189.48841094970703,61,0.9204219130219006,3593.3271484375,35.57822018933801,3,4,7,0.0,0.13411941298412378,0.0,0.15,0.05,0.6,0.2,97,377.05068089184135,455.85036277770996,47,1.184353767557347,3562.5361328125,20.52693070616196,3,0,8,0.0,0.13411941298412378,0.0,0.15,0.1,0.55,0.2
384,frozen_ddqn_seed5,0,NOOP,0.19375,-0.061444,0.185251,0,97,377.05068089184135,455.85036277770996,47,1.184353767557347,3562.5361328125,20.52693070616196,3,0,8,0.0,0.13411941298412378,0.0,0.15,0.1,0.55,0.2,95,360.9150525713209,487.473726272583,50,1.1184552001953125,3579.056640625,26.079500789496173,3,1,9,0.0,0.1341194129841238,0.0,0.15,0.15,0.5,0.2
385,frozen_ddqn_seed5,0,NOOP,0.193375,-0.061304,0.190609,0,95,360.9150525713209,487.473726272583,50,1.1184552001953125,3579.056640625,26.079500789496173,3,1,9,0.0,0.1341194129841238,0.0,0.15,0.15,0.5,0.2,59,220.14660431087628,204.5419216156006,53,1.0590356790794517,3592.2490234375,29.778567799384557,3,2,10,0.0,0.1341194129841238,0.0,0.2,0.15,0.45,0.2
386,frozen_ddqn_seed5,0,NOOP,0.193,0.315754,0.39044,0,59,220.14660431087628,204.5419216156006,53,1.0590356790794517,3592.2490234375,29.778567799384557,3,2,10,0.0,0.1341194129841238,0.0,0.2,0.15,0.45,0.2,77,287.2075184439496,247.98178672790527,56,1.0064713614327567,3607.193359375,32.2828016987962,3,3,11,0.67,0.1676194129841238,0.0,0.2,0.15,0.45,0.2
387,frozen_ddqn_seed5,0,NOOP,0.184405,0.315903,0.383076,0,77,287.2075184439496,247.98178672790527,56,1.0064713614327567,3607.193359375,32.2828016987962,3,3,11,0.67,0.1676194129841238,0.0,0.2,0.15,0.45,0.2,63,219.3487899510402,190.18173217773438,59,0.9589000637248412,3620.806640625,34.12350980628235,3,4,12,0.67,0.20111941298412378,0.0,0.2,0.15,0.45,0.2
388,frozen_ddqn_seed5,2,COMPACT_64KB,0.553216,0.25771,0.391546,0,63,219.3487899510402,190.18173217773438,59,0.9589000637248412,3620.806640625,34.12350980628235,3,4,12,0.67,0.20111941298412378,0.0,0.2,0.15,0.45,0.2,78,282.3830346993189,237.71286010742188,47,1.1951326410821144,3594.958984375,19.039809521569914,3,0,13,0.67,0.20111941298412378,0.0,0.15,0.15,0.5,0.2
389,frozen_ddqn_seed5,0,NOOP,0.19375,0.316315,0.392466,0,78,282.3830346993189,237.71286010742188,47,1.1951326410821144,3594.958984375,19.039809521569914,3,0,13,0.67,0.20111941298412378,0.0,0.15,0.15,0.5,0.2,98,357.6465871281202,176.70512199401855,50,1.1286819458007813,3611.7822265625,25.09398307035703,3,1,14,0.67,0.23461941298412378,0.0,0.15,0.15,0.5,0.2
390,frozen_ddqn_seed5,0,NOOP,0.193375,0.316525,0.392273,0,98,357.6465871281202,176.70512199401855,50,1.1286819458007813,3611.7822265625,25.09398307035703,3,1,14,0.67,0.23461941298412378,0.0,0.15,0.15,0.5,0.2,91,335.5198381129113,171.36383056640625,53,1.0695619403191332,3627.9541015625,28.92881280214286,3,2,15,0.67,0.2681194129841238,0.0,0.15,0.15,0.5,0.2
391,frozen_ddqn_seed5,0,NOOP,0.193,-0.060127,0.188254,0,91,335.5198381129113,171.36383056640625,53,1.0695619403191332,3627.9541015625,28.92881280214286,3,2,15,0.67,0.2681194129841238,0.0,0.15,0.15,0.5,0.2,97,379.41077706716504,307.28697776794434,56,1.016939980643136,3644.712890625,31.552359315237826,3,3,16,0.0,0.2681194129841238,0.05,0.15,0.15,0.45,0.2
392,frozen_ddqn_seed5,0,NOOP,0.18641,0.316901,0.383917,0,97,379.41077706716504,307.28697776794434,56,1.016939980643136,3644.712890625,31.552359315237826,3,3,16,0.0,0.2681194129841238,0.05,0.15,0.15,0.45,0.2,67,195.35500357663986,248.3956813812256,59,0.9689243122682734,3658.658203125,33.5188181459412,3,4,17,0.67,0.30161941298412376,0.05,0.15,0.15,0.45,0.2
393,frozen_ddqn_seed5,2,COMPACT_64KB,0.553091,-0.118132,0.185783,0,67,195.35500357663986,248.3956813812256,59,0.9689243122682734,3658.658203125,33.5188181459412,3,4,17,0.67,0.30161941298412376,0.05,0.15,0.15,0.45,0.2,96,361.92145741782565,470.8292484283447,48,1.1839090983072917,3636.96875,19.399000914529168,3,0,18,0.0,0.2681194129841238,0.05,0.1,0.2,0.45,0.2
394,frozen_ddqn_seed5,0,NOOP,0.19325,-0.059532,0.190706,0,96,361.92145741782565,470.8292484283447,48,1.1839090983072917,3636.96875,19.399000914529168,3,0,18,0.0,0.2681194129841238,0.05,0.1,0.2,0.45,0.2,100,347.16691277256507,194.70715522766113,54,1.059572007921007,3661.880859375,29.155349393016497,3,1,19,0.0,0.2681194129841238,0.05,0.15,0.2,0.45,0.15
395,frozen_ddqn_seed5,0,NOOP,0.192875,-0.059406,0.183738,0,100,347.16691277256507,194.70715522766113,54,1.059572007921007,3661.880859375,29.155349393016497,3,1,19,0.0,0.2681194129841238,0.05,0.15,0.2,0.45,0.15,56,222.393200978647,528.0766487121582,57,1.007380435341283,3674.923828125,31.76451471372542,3,2,20,0.0,0.2681194129841238,0.05,0.15,0.25,0.45,0.1
396,frozen_ddqn_seed5,0,NOOP,0.184666,-0.05924,0.175245,0,56,222.393200978647,528.0766487121582,57,1.007380435341283,3674.923828125,31.76451471372542,3,2,20,0.0,0.2681194129841238,0.05,0.15,0.25,0.45,0.1,74,286.15728493153966,546.0069179534912,60,0.9608281453450521,3689.580078125,33.60508502282,3,3,21,0.0,0.2681194129841238,0.05,0.15,0.3,0.45,0.05
397,frozen_ddqn_seed5,0,NOOP,0.16762,-0.059049,0.153717,0,74,286.15728493153966,546.0069179534912,60,0.9608281453450521,3689.580078125,33.60508502282,3,3,21,0.0,0.2681194129841238,0.05,0.15,0.3,0.45,0.05,100,351.7858505781736,777.6498794555664,66,0.8793482924952651,3714.3671875,36.07371883404874,3,4,22,0.0,0.268,0.05,0.15,0.35,0.4,0.05
398,frozen_ddqn_seed5,2,COMPACT_64KB,0.552966,-0.117195,0.189372,0,100,351.7858505781736,777.6498794555664,66,0.8793482924952651,3714.3671875,36.07371883404874,3,4,22,0.0,0.268,0.05,0.15,0.35,0.4,0.05,91,341.1380848873127,286.4081859588623,49,1.172262697803731,3676.2158203125,20.23610870506318,3,0,23,0.0,0.23450000000000001,0.1,0.15,0.35,0.35,0.05
399,frozen_ddqn_seed5,0,NOOP,0.1935,0.318224,0.392357,0,91,341.1380848873127,286.4081859588623,49,1.172262697803731,3676.2158203125,20.23610870506318,3,0,23,0.0,0.23450000000000001,0.1,0.15,0.35,0.35,0.05,78,272.52642706307194,172.16253280639648,52,1.1091481722318208,3691.2451171875,25.640273159551473,3,1,24,0.67,0.268,0.1,0.15,0.3,0.4,0.05
400,frozen_ddqn_seed5,0,NOOP,0.193125,0.309957,0.390509,0,78,272.52642706307194,172.16253280639648,52,1.1091481722318208,3691.2451171875,25.640273159551473,3,1,24,0.67,0.268,0.1,0.15,0.3,0.4,0.05,50,185.0681887576356,249.5429515838623,55,1.0521739612926135,3703.65234375,29.252592845215354,3,2,25,0.67,0.268,0.1,0.15,0.3,0.4,0.05
401,frozen_ddqn_seed5,0,NOOP,0.19275,-0.05834,0.190997,0,50,185.0681887576356,249.5429515838623,55,1.0521739612926135,3703.65234375,29.252592845215354,3,2,25,0.67,0.268,0.1,0.15,0.3,0.4,0.05,95,354.8114007280395,160.14885902404785,58,1.0021967394598599,3720.154296875,31.65229693374333,3,3,26,0.0,0.268,0.1,0.2,0.3,0.4,0.0
402,frozen_ddqn_seed5,0,NOOP,0.183593,-0.058233,0.180426,0,95,354.8114007280395,160.14885902404785,58,1.0021967394598599,3720.154296875,31.65229693374333,3,3,26,0.0,0.268,0.1,0.2,0.3,0.4,0.0,50,150.53980796618734,234.61461067199707,61,0.9560907082479508,3732.578125,33.51089971352089,3,4,27,0.0,0.268,0.1,0.15,0.3,0.4,0.05
403,frozen_ddqn_seed5,2,COMPACT_64KB,0.552966,-0.108126,0.19111,0,50,150.53980796618734,234.61461067199707,61,0.9560907082479508,3732.578125,33.51089971352089,3,4,27,0.0,0.268,0.1,0.15,0.3,0.4,0.05,51,183.02229538605806,199.52130317687988,49,1.1810125234175701,3703.6552734375,19.1674675608422,3,0,28,0.0,0.268,0.1,0.15,0.25,0.4,0.1
404,frozen_ddqn_seed5,0,NOOP,0.1935,-0.057914,0.191744,0,51,183.02229538605806,199.52130317687988,49,1.1810125234175701,3703.6552734375,19.1674675608422,3,0,28,0.0,0.268,0.1,0.15,0.25,0.4,0.1,99,361.1464672996037,152.8177261352539,52,1.1179507328913763,3720.5400390625,24.844566931477203,3,1,29,0.0,0.26800000000000007,0.1,0.2,0.2,0.4,0.1
405,frozen_ddqn_seed5,0,NOOP,0.193125,-0.057713,0.187994,0,99,361.1464672996037,152.8177261352539,52,1.1179507328913763,3720.5400390625,24.844566931477203,3,1,29,0.0,0.26800000000000007,0.1,0.2,0.2,0.4,0.1,96,348.25474765244513,325.3059387207031,55,1.061705155806108,3737.2021484375,28.496844834785215,3,2,30,0.0,0.268,0.15,0.15,0.2,0.4,0.1
406,frozen_ddqn_seed5,0,NOOP,0.19275,-0.065909,0.189509,0,96,348.25474765244513,325.3059387207031,55,1.061705155806108,3737.2021484375,28.496844834785215,3,2,30,0.0,0.268,0.15,0.15,0.2,0.4,0.1,86,314.55844369893583,234.5261573791504,58,1.0110236858499462,3752.919921875,31.07770368652999,3,3,31,0.0,0.23450000000000001,0.15,0.15,0.2,0.35,0.15
407,frozen_ddqn_seed5,0,NOOP,0.185406,-0.065745,0.182119,0,86,314.55844369893583,234.5261573791504,58,1.0110236858499462,3752.919921875,31.07770368652999,3,3,31,0.0,0.23450000000000001,0.15,0.15,0.2,0.35,0.15,78,281.54730153047524,240.63944816589355,61,0.9651566802478228,3767.9716796875,32.969672131711164,3,4,32,0.0,0.201,0.15,0.15,0.2,0.3,0.2
408,frozen_ddqn_seed5,2,COMPACT_64KB,0.552841,-0.115599,0.190431,0,78,281.54730153047524,240.63944816589355,61,0.9651566802478228,3767.9716796875,32.969672131711164,3,4,32,0.0,0.201,0.15,0.15,0.2,0.3,0.2,70,258.52465483234715,228.46674919128418,50,1.1697982788085937,3743.3544921875,19.823696862171136,3,0,33,0.0,0.16750000000000004,0.15,0.15,0.2,0.25,0.25
409,frozen_ddqn_seed5,0,NOOP,0.193375,-0.065481,0.191506,0,70,258.52465483234715,228.46674919128418,50,1.1697982788085937,3743.3544921875,19.823696862171136,3,0,33,0.0,0.16750000000000004,0.15,0.15,0.2,0.25,0.25,58,222.75623323740098,159.71922874450684,53,1.1074457708394752,3756.4560546875,25.317604451961735,3,1,34,0.0,0.134,0.15,0.2,0.2,0.2,0.25
410,frozen_ddqn_seed5,0,NOOP,0.193,0.311588,0.390864,0,58,222.75623323740098,159.71922874450684,53,1.1074457708394752,3756.4560546875,25.317604451961735,3,1,34,0.0,0.134,0.15,0.2,0.2,0.2,0.25,96,359.9141039805211,226.81570053100586,56,1.0527441842215401,3773.03515625,28.75383425897125,3,2,35,0.67,0.134,0.15,0.2,0.2,0.2,0.25
411,frozen_ddqn_seed5,0,NOOP,0.192625,-0.056712,0.190313,0,96,359.9141039805211,226.81570053100586,56,1.0527441842215401,3773.03515625,28.75383425897125,3,2,35,0.67,0.134,0.15,0.2,0.2,0.2,0.25,99,360.5854105861522,189.35298919677734,59,1.0036579713983051,3789.8125,31.17205188953525,3,3,36,0.0,0.134,0.1,0.25,0.2,0.2,0.25
412,frozen_ddqn_seed5,0,NOOP,0.183914,-0.06498,0.180691,0,99,360.5854105861522,189.35298919677734,59,1.0036579713983051,3789.8125,31.17205188953525,3,3,36,0.0,0.134,0.1,0.25,0.2,0.2,0.25,54,209.98234420457138,238.6460304260254,62,0.9583196332377772,3802.6123046875,33.050110851912336,3,4,37,0.0,0.1005,0.1,0.25,0.2,0.15,0.3
413,frozen_ddqn_seed5,2,COMPACT_64KB,0.552716,-0.10646,0.190377,0,54,209.98234420457138,238.6460304260254,62,0.9583196332377772,3802.6123046875,33.050110851912336,3,4,37,0.0,0.1005,0.1,0.25,0.2,0.15,0.3,73,269.0586695934825,226.13883018493652,51,1.1576289756625306,3778.5009765625,20.30729835925859,3,0,38,0.0,0.1005,0.1,0.25,0.15,0.15,0.35
414,frozen_ddqn_seed5,0,NOOP,0.19325,-0.05636,0.190387,0,73,269.0586695934825,226.13883018493652,51,1.1576289756625306,3778.5009765625,20.30729835925859,3,0,38,0.0,0.1005,0.1,0.25,0.15,0.15,0.35,51,193.05807369274174,210.67333221435547,54,1.0969337180808738,3791.0029296875,25.505158557192217,3,1,39,0.0,0.1005,0.1,0.2,0.15,0.15,0.4
415,frozen_ddqn_seed5,0,NOOP,0.192875,-0.056224,0.189593,0,51,193.05807369274174,210.67333221435547,54,1.0969337180808738,3791.0029296875,25.505158557192217,3,1,39,0.0,0.1005,0.1,0.2,0.15,0.15,0.4,70,266.8025633289836,235.3510856628418,57,1.0431042052151864,3805.244140625,28.86685691307652,3,2,40,0.0,0.1005,0.1,0.2,0.1,0.15,0.45
416,frozen_ddqn_seed5,0,NOOP,0.191352,-0.056116,0.188016,0,70,266.8025633289836,235.3510856628418,57,1.0431042052151864,3805.244140625,28.86685691307652,3,2,40,0.0,0.1005,0.1,0.2,0.1,0.15,0.45,55,201.78222359842064,241.804838180542,60,0.9942621866861979,3817.966796875,31.302080241997217,3,3,41,0.0,0.1005,0.1,0.2,0.05,0.15,0.5
417,frozen_ddqn_seed5,0,NOOP,0.182218,-0.055978,0.178911,0,55,201.78222359842064,241.804838180542,60,0.9942621866861979,3817.966796875,31.302080241997217,3,3,41,0.0,0.1005,0.1,0.2,0.05,0.15,0.5,71,268.270292182931,244.11964416503906,63,0.9504660954551091,3832.279296875,33.04891188047584,3,4,42,0.0,0.1005,0.1,0.2,0.0,0.15,0.55
418,frozen_ddqn_seed5,2,COMPACT_64KB,0.552716,-0.105836,0.19076,0,71,268.270292182931,244.11964416503906,63,0.9504660954551091,3832.279296875,33.04891188047584,3,4,42,0.0,0.1005,0.1,0.2,0.0,0.15,0.55,74,272.79786246660103,206.98833465576172,51,1.1661200429878982,3806.2158203125,19.15708785236117,3,0,43,0.0,0.1005,0.05,0.2,0.0,0.15,0.6
419,frozen_ddqn_seed5,0,NOOP,0.192875,-0.064019,0.187648,0,74,272.79786246660103,206.98833465576172,51,1.1661200429878982,3806.2158203125,19.15708785236117,3,0,43,0.0,0.1005,0.05,0.2,0.0,0.15,0.6,100,338.37311927715706,332.5943946838379,57,1.050189637301261,3831.091796875,28.357117006270432,3,1,44,0.0,0.067,0.05,0.2,0.0,0.1,0.65
420,frozen_ddqn_seed5,5,PARTITION_REGION,0.010682,-0.163895,0.189085,0,100,338.37311927715706,332.5943946838379,57,1.050189637301261,3831.091796875,28.357117006270432,3,1,44,0.0,0.067,0.05,0.2,0.0,0.1,0.65,64,236.33210311311453,245.73588371276855,60,1.0012489318847657,3844.7958984375,30.86893471556896,2,2,0,0.0,0.0335,0.05,0.2,0.0,0.05,0.7
421,frozen_ddqn_seed5,0,NOOP,0.183547,-0.05555,0.180302,0,64,236.33210311311453,245.73588371276855,60,1.0012489318847657,3844.7958984375,30.86893471556896,2,2,0,0.0,0.0335,0.05,0.2,0.0,0.05,0.7,70,258.01075977510277,241.0280704498291,63,0.9571111769903273,3859.072265625,32.695513502434515,2,3,1,0.0,0.0335,0.05,0.15,0.0,0.05,0.75
422,frozen_ddqn_seed5,0,NOOP,0.175139,-0.055572,0.16448,0,70,258.01075977510277,241.0280704498291,63,0.9571111769903273,3859.072265625,32.695513502434515,2,3,1,0.0,0.0335,0.05,0.15,0.0,0.05,0.75,68,251.93195666114892,615.4849529266357,66,0.9169466423265862,3873.1826171875,34.067265307387856,2,4,2,0.0,0.0335,0.05,0.15,0.05,0.05,0.7
423,frozen_ddqn_seed5,2,COMPACT_64KB,0.552466,-0.102969,0.190353,0,68,251.93195666114892,615.4849529266357,66,0.9169466423265862,3873.1826171875,34.067265307387856,2,4,2,0.0,0.0335,0.05,0.15,0.05,0.05,0.7,83,306.61899250819556,217.36454963684082,53,1.1334254426776238,3844.5791015625,22.944202712463973,2,0,3,0.0,0.0335,0.05,0.15,0.05,0.05,0.7
424,frozen_ddqn_seed5,0,NOOP,0.193,-0.052985,0.18648,0,83,306.61899250819556,217.36454963684082,53,1.1334254426776238,3844.5791015625,22.944202712463973,2,0,3,0.0,0.0335,0.05,0.15,0.05,0.05,0.7,57,214.4502233077898,396.00586891174316,56,1.0763470785958427,3857.6279296875,27.162253462219052,2,1,4,0.0,0.0335,0.05,0.1,0.05,0.1,0.7
425,frozen_ddqn_seed5,0,NOOP,0.192625,-0.053015,0.189611,0,57,214.4502233077898,396.00586891174316,56,1.0763470785958427,3857.6279296875,27.162253462219052,2,1,4,0.0,0.0335,0.05,0.1,0.05,0.1,0.7,80,208.86706915730312,224.45130348205566,59,1.0256308862718486,3872.7822265625,29.99620361839347,2,2,5,0.0,0.0335,0.0,0.1,0.05,0.1,0.75
426,frozen_ddqn_seed5,0,NOOP,0.18828,-0.053048,0.184244,0,80,208.86706915730312,224.45130348205566,59,1.0256308862718486,3872.7822265625,29.99620361839347,2,2,5,0.0,0.0335,0.0,0.1,0.05,0.1,0.75,94,335.4934963043896,279.2549133300781,62,0.9801475771011845,3889.2255859375,32.015367743138185,2,3,6,0.0,0.0335,0.0,0.1,0.05,0.1,0.75
427,frozen_ddqn_seed5,0,NOOP,0.179619,-0.053077,0.17605,0,94,335.4934963043896,279.2549133300781,62,0.9801475771011845,3889.2255859375,32.015367743138185,2,3,6,0.0,0.0335,0.0,0.1,0.05,0.1,0.75,87,329.65687555220694,259.69457626342773,65,0.9387178861177885,3905.06640625,33.53462904709213,2,4,7,0.0,0.0335,0.0,0.1,0.05,0.1,0.75
428,frozen_ddqn_seed5,2,COMPACT_64KB,0.552591,-0.103087,0.184361,0,87,329.65687555220694,259.69457626342773,65,0.9387178861177885,3905.06640625,33.53462904709213,2,4,7,0.0,0.0335,0.0,0.1,0.05,0.1,0.75,57,218.46531059816877,521.9359397888184,52,1.1639480590820312,3873.619140625,19.50564068558467,2,0,8,0.0,0.0335,0.0,0.1,0.1,0.1,0.7
429,frozen_ddqn_seed5,0,NOOP,0.193125,-0.053113,0.190206,0,57,218.46531059816877,521.9359397888184,52,1.1639480590820312,3873.619140625,19.50564068558467,2,0,8,0.0,0.0335,0.0,0.1,0.1,0.1,0.7,80,293.83605500795136,214.7221565246582,55,1.1047657359730114,3888.775390625,24.752237172351123,2,1,9,0.0,0.0335,0.0,0.05,0.1,0.1,0.75
430,frozen_ddqn_seed5,0,NOOP,0.19275,-0.061519,0.189371,0,80,293.83605500795136,214.7221565246582,55,1.1047657359730114,3888.775390625,24.752237172351123,2,1,9,0.0,0.0335,0.0,0.05,0.1,0.1,0.75,85,237.94578814622105,241.44911766052246,58,1.0518533114729256,3904.4794921875,28.18601430108558,2,2,10,0.0,0.0,0.0,0.05,0.1,0.1,0.75
431,frozen_ddqn_seed5,0,NOOP,0.192375,-0.053141,0.18195,0,85,237.94578814622105,241.44911766052246,58,1.0518533114729256,3904.4794921875,28.18601430108558,2,2,10,0.0,0.0,0.0,0.05,0.1,0.1,0.75,52,185.5360997947314,597.5098609924316,61,1.003354682297003,3917.0966796875,30.726153679590954,2,3,11,0.0,0.0,0.0,0.0,0.15,0.1,0.75
432,frozen_ddqn_seed5,0,NOOP,0.183943,-0.05316,0.180562,0,52,185.5360997947314,597.5098609924316,61,1.003354682297003,3917.0966796875,30.726153679590954,2,3,11,0.0,0.0,0.0,0.0,0.15,0.1,0.75,66,253.53509113372905,249.01509284973145,64,0.9597134590148926,3930.986328125,32.56241391158101,2,4,12,0.0,0.0,0.0,0.0,0.15,0.1,0.75
433,frozen_ddqn_seed5,2,COMPACT_64KB,0.552591,-0.103166,0.190615,0,66,253.53509113372905,249.01509284973145,64,0.9597134590148926,3930.986328125,32.56241391158101,2,4,12,0.0,0.0,0.0,0.0,0.15,0.1,0.75,65,252.7293458491465,209.2456817626953,52,1.1729099567119892,3903.4443359375,18.803871377879382,2,0,13,0.0,0.0,0.0,0.0,0.15,0.1,0.75
434,frozen_ddqn_seed5,0,NOOP,0.193125,-0.053174,0.190063,0,65,252.7293458491465,209.2456817626953,52,1.1729099567119892,3903.4443359375,18.803871377879382,2,0,13,0.0,0.0,0.0,0.0,0.15,0.1,0.75,60,222.43141885651102,221.8344211578369,55,1.1127313787286932,3916.814453125,24.409632799788373,2,1,14,0.0,0.0,0.0,0.0,0.15,0.15,0.7
435,frozen_ddqn_seed5,0,NOOP,0.19275,-0.053199,0.189261,0,60,222.43141885651102,221.8344211578369,55,1.1127313787286932,3916.814453125,24.409632799788373,2,1,14,0.0,0.0,0.0,0.0,0.15,0.15,0.7,82,272.49269949523557,246.931791305542,58,1.0593067037648167,3932.146484375,27.975453484622204,2,2,15,0.0,0.0,0.0,0.0,0.15,0.15,0.7
436,frozen_ddqn_seed5,0,NOOP,0.192375,-0.053209,0.186834,0,82,272.49269949523557,246.931791305542,58,1.0593067037648167,3932.146484375,27.975453484622204,2,2,15,0.0,0.0,0.0,0.0,0.15,0.15,0.7,55,206.23544557287943,353.31249237060547,61,1.0105193091220543,3945.0673828125,30.58004338845333,2,3,16,0.0,0.0,0.0,0.0,0.15,0.15,0.7
437,frozen_ddqn_seed5,0,NOOP,0.185459,-0.053221,0.182166,0,55,206.23544557287943,353.31249237060547,61,1.0105193091220543,3945.0673828125,30.58004338845333,2,3,16,0.0,0.0,0.0,0.0,0.15,0.15,0.7,99,351.2555923623776,244.6613311767578,64,0.9672946929931641,3962.0390625,32.3837895304139,2,4,17,0.0,0.0,0.0,0.0,0.15,0.15,0.7
438,frozen_ddqn_seed5,2,COMPACT_64KB,0.552341,-0.103261,0.190189,0,99,351.2555923623776,244.6613311767578,64,0.9672946929931641,3962.0390625,32.3837895304139,2,4,17,0.0,0.0,0.0,0.0,0.15,0.15,0.7,93,353.86525605703645,220.55649757385254,54,1.1408236468279804,3942.6865234375,21.607898561009243,2,0,18,0.0,0.0,0.0,0.0,0.15,0.15,0.7
439,frozen_ddqn_seed5,0,NOOP,0.192875,-0.053284,0.188479,0,93,353.86525605703645,220.55649757385254,54,1.1408236468279804,3942.6865234375,21.607898561009243,2,0,18,0.0,0.0,0.0,0.0,0.15,0.15,0.7,84,271.65118511476425,291.0630702972412,57,1.0850246496367872,3958.169921875,25.992246068369194,2,1,19,0.0,0.0,0.0,0.0,0.15,0.15,0.7
440,frozen_ddqn_seed5,0,NOOP,0.1925,-0.053314,0.185102,0,84,271.65118511476425,291.0630702972412,57,1.0850246496367872,3958.169921875,25.992246068369194,2,1,19,0.0,0.0,0.0,0.0,0.15,0.15,0.7,56,169.85310316101263,444.8988437652588,60,1.0341359456380208,3971.08203125,29.090715998442924,2,2,20,0.0,0.0,0.05,0.0,0.15,0.15,0.65
441,frozen_ddqn_seed5,7,REMOVE_PARTITION,0.126212,-0.088347,0.186199,0,56,169.85310316101263,444.8988437652588,60,1.0341359456380208,3971.08203125,29.090715998442924,2,2,20,0.0,0.0,0.05,0.0,0.15,0.15,0.65,78,278.17494573068643,261.22188568115234,63,0.988615974547371,3986.099609375,31.271283064188186,0,3,0,0.0,0.0,0.05,0.0,0.15,0.15,0.65
442,frozen_ddqn_seed5,0,NOOP,0.186992,-0.05324,0.180992,0,78,278.17494573068643,261.22188568115234,63,0.988615974547371,3986.099609375,31.271283064188186,0,3,0,0.0,0.0,0.05,0.0,0.15,0.15,0.65,52,181.94057212261964,380.0232410430908,64,0.9749617576599121,3993.443359375,31.800071375144377,0,4,1,0.0,0.0,0.05,0.0,0.1,0.15,0.7
443,frozen_ddqn_seed5,2,COMPACT_64KB,0.552466,-0.101957,0.190545,0,52,181.94057212261964,380.0232410430908,64,0.9749617576599121,3993.443359375,31.800071375144377,0,4,1,0.0,0.0,0.05,0.0,0.1,0.15,0.7,52,198.31837681834136,207.7329158782959,53,1.1696054710532136,3967.3017578125,18.131757263979576,0,0,2,0.0,0.0,0.05,0.0,0.1,0.15,0.7
444,frozen_ddqn_seed5,0,NOOP,0.19325,-0.05182,0.183326,0,52,198.31837681834136,207.7329158782959,53,1.1696054710532136,3967.3017578125,18.131757263979576,0,0,2,0.0,0.0,0.05,0.0,0.1,0.15,0.7,71,237.44454216297802,563.7166500091553,54,1.1505731653284144,3976.380859375,20.06680779509457,0,1,3,0.0,0.0,0.05,0.0,0.15,0.1,0.7
445,frozen_ddqn_seed5,0,NOOP,0.193125,-0.051674,0.19055,0,71,237.44454216297802,563.7166500091553,54,1.1505731653284144,3976.380859375,20.06680779509457,0,1,3,0.0,0.0,0.05,0.0,0.15,0.1,0.7,76,297.1298138272834,197.51453399658203,55,1.1323142311789773,3985.74609375,21.68699146400357,0,2,4,0.0,0.0,0.05,0.05,0.15,0.1,0.65
446,frozen_ddqn_seed5,0,NOOP,0.193,-0.051528,0.189999,0,76,297.1298138272834,197.51453399658203,55,1.1323142311789773,3985.74609375,21.68699146400357,0,2,4,0.0,0.0,0.05,0.05,0.15,0.1,0.65,77,296.8496244817149,220.0336456298828,56,1.1147242954799108,3995.171875,23.08125858159362,0,3,5,0.0,0.0,0.05,0.05,0.15,0.1,0.65
447,frozen_ddqn_seed5,0,NOOP,0.192875,-0.051398,0.187747,0,77,296.8496244817149,220.0336456298828,56,1.1147242954799108,3995.171875,23.08125858159362,0,3,5,0.0,0.0,0.05,0.05,0.15,0.1,0.65,69,278.7798867182985,327.66032218933105,57,1.097600033408717,4004.044921875,24.324773677258296,0,4,6,0.0,0.0,0.05,0.05,0.15,0.1,0.65
448,frozen_ddqn_seed5,2,COMPACT_64KB,0.552466,-0.101262,0.19051,0,69,278.7798867182985,327.66032218933105,57,1.097600033408717,4004.044921875,24.324773677258296,0,4,6,0.0,0.0,0.05,0.05,0.15,0.1,0.65,73,255.7778043240543,209.47885513305664,53,1.178867556014151,3998.71875,16.920558987626514,0,0,7,0.0,0.0,0.05,0.05,0.1,0.1,0.7
449,frozen_ddqn_seed5,0,NOOP,0.19325,-0.051133,0.190214,0,73,255.7778043240543,209.47885513305664,53,1.178867556014151,3998.71875,16.920558987626514,0,0,7,0.0,0.0,0.05,0.05,0.1,0.1,0.7,70,281.69947709282803,219.32077407836914,54,1.1596414071542245,4007.720703125,19.043708798196832,0,1,8,0.0,0.0,0.05,0.05,0.1,0.1,0.7
450,frozen_ddqn_seed5,0,NOOP,0.193125,-0.050968,0.190448,0,70,281.69947709282803,219.32077407836914,54,1.1596414071542245,4007.720703125,19.043708798196832,0,1,8,0.0,0.0,0.05,0.05,0.1,0.1,0.7,90,357.0184227674725,202.60143280029297,55,1.1415879683061079,4018.3896484375,20.72128429540697,0,2,9,0.0,0.0,0.05,0.1,0.1,0.05,0.7
451,frozen_ddqn_seed5,0,NOOP,0.193,-0.050919,0.189778,0,90,357.0184227674725,202.60143280029297,55,1.1415879683061079,4018.3896484375,20.72128429540697,0,2,9,0.0,0.0,0.05,0.1,0.1,0.05,0.7,27,109.12436257675097,231.08196258544922,56,1.1226351601736886,4023.5244140625,22.449026148139012,0,3,10,0.0,0.0,0.05,0.1,0.05,0.05,0.75
452,frozen_ddqn_seed5,0,NOOP,0.192875,-0.050843,0.19,0,27,109.12436257675097,231.08196258544922,56,1.1226351601736886,4023.5244140625,22.449026148139012,0,3,10,0.0,0.0,0.05,0.1,0.05,0.05,0.75,42,161.4369142370132,215.0135040283203,57,1.1047119676021107,4029.9892578125,23.87384030019915,0,4,11,0.0,0.0,0.05,0.1,0.05,0.05,0.75
453,frozen_ddqn_seed5,2,COMPACT_64KB,0.214841,-0.100792,0.190282,0,42,161.4369142370132,215.0135040283203,57,1.1047119676021107,4029.9892578125,23.87384030019915,0,4,11,0.0,0.0,0.05,0.1,0.05,0.05,0.75,28,115.024086001285,215.88802337646484,54,1.164277818467882,4023.744140625,18.437691253232963,0,0,12,0.0,0.0,0.05,0.15,0.05,0.05,0.7
454,frozen_ddqn_seed5,0,NOOP,0.193125,-0.050706,0.190383,0,28,115.024086001285,215.88802337646484,54,1.164277818467882,4023.744140625,18.437691253232963,0,0,12,0.0,0.0,0.05,0.15,0.05,0.05,0.7,48,152.77419041512212,205.8541774749756,55,1.145083895596591,4030.6953125,20.411951712353268,0,1,13,0.0,0.0,0.05,0.2,0.05,0.0,0.7
455,frozen_ddqn_seed5,0,NOOP,0.193,-0.050635,0.189933,0,48,152.77419041512212,205.8541774749756,55,1.145083895596591,4030.6953125,20.411951712353268,0,1,13,0.0,0.0,0.05,0.2,0.05,0.0,0.7,40,162.3426113629656,223.3726978302002,56,1.1263719286237444,4036.9169921875,22.122060156477158,0,2,14,0.0,0.0,0.05,0.2,0.05,0.0,0.7
456,frozen_ddqn_seed5,0,NOOP,0.192875,-0.050585,0.18999,0,40,162.3426113629656,223.3726978302002,56,1.1263719286237444,4036.9169921875,22.122060156477158,0,2,14,0.0,0.0,0.05,0.2,0.05,0.0,0.7,28,107.93202444267376,215.48199653625488,57,1.108043202182703,4042.1416015625,23.644864522965122,0,3,15,0.0,0.0,0.05,0.2,0.05,0.0,0.7
457,frozen_ddqn_seed5,0,NOOP,0.19275,-0.05054,0.189701,0,28,107.93202444267376,215.48199653625488,57,1.108043202182703,4042.1416015625,23.644864522965122,0,3,15,0.0,0.0,0.05,0.2,0.05,0.0,0.7,25,98.26721121280221,224.95365142822266,58,1.0902641559469288,4047.060546875,24.9872995455357,0,4,16,0.0,0.0,0.05,0.2,0.05,0.0,0.7
458,frozen_ddqn_seed5,2,COMPACT_64KB,0.214841,-0.100498,0.190536,0,25,98.26721121280221,224.95365142822266,58,1.0902641559469288,4047.060546875,24.9872995455357,0,4,16,0.0,0.0,0.05,0.2,0.05,0.0,0.7,24,94.84127467172671,203.22084426879883,54,1.1683920401114005,4037.962890625,17.656233946987555,0,0,17,0.0,0.0,0.05,0.2,0.05,0.0,0.7
459,frozen_ddqn_seed5,0,NOOP,0.193125,-0.050443,0.190391,0,24,94.84127467172671,203.22084426879883,54,1.1683920401114005,4037.962890625,17.656233946987555,0,0,17,0.0,0.0,0.05,0.2,0.05,0.0,0.7,31,113.93001225841331,205.4729461669922,55,1.1487068869850852,4043.4482421875,19.83095483490735,0,1,18,0.0,0.0,0.05,0.2,0.05,0.0,0.7
460,frozen_ddqn_seed5,0,NOOP,0.193,-0.050373,0.187973,0,31,113.93001225841331,205.4729461669922,55,1.1487068869850852,4043.4482421875,19.83095483490735,0,1,18,0.0,0.0,0.05,0.2,0.05,0.0,0.7,40,156.8503560102914,321.3667869567871,56,1.1299364907400948,4049.6923828125,21.60860940745697,0,2,19,0.0,0.0,0.0,0.2,0.05,0.0,0.75
461,frozen_ddqn_seed5,0,NOOP,0.192875,-0.050317,0.189644,0,40,156.8503560102914,321.3667869567871,56,1.1299364907400948,4049.6923828125,21.60860940745697,0,2,19,0.0,0.0,0.0,0.2,0.05,0.0,0.75,32,119.68871489847422,232.81455039978027,57,1.1116429379111843,4055.2734375,23.16735386937454,0,3,20,0.0,0.0,0.0,0.2,0.05,0.0,0.75
462,frozen_ddqn_seed5,0,NOOP,0.19275,-0.050237,0.191214,0,32,119.68871489847422,232.81455039978027,57,1.1116429379111843,4055.2734375,23.16735386937454,0,3,20,0.0,0.0,0.0,0.2,0.05,0.0,0.75,46,179.15088982114437,149.31201934814453,58,1.0943035257273708,4062.0546875,24.46908442868318,0,4,21,0.0,0.0,0.0,0.25,0.05,0.0,0.7
463,frozen_ddqn_seed5,0,NOOP,0.192625,-0.05017,0.189305,0,46,179.15088982114437,149.31201934814453,58,1.0943035257273708,4062.0546875,24.46908442868318,0,4,21,0.0,0.0,0.0,0.25,0.05,0.0,0.7,39,130.85506160059964,239.72582817077637,59,1.0773941298662606,4068.240234375,25.641986677106306,0,5,22,0.0,0.0,0.0,0.25,0.05,0.0,0.7
464,frozen_ddqn_seed5,2,COMPACT_64KB,0.214841,-0.100116,0.190421,0,39,130.85506160059964,239.72582817077637,59,1.0773941298662606,4068.240234375,25.641986677106306,0,5,22,0.0,0.0,0.0,0.25,0.05,0.0,0.7,31,121.70762857030532,208.93573760986328,54,1.1738202130353008,4056.72265625,16.91110640365421,0,0,23,0.0,0.0,0.0,0.25,0.0,0.0,0.75
465,frozen_ddqn_seed5,0,NOOP,0.193125,-0.050051,0.190167,0,31,121.70762857030532,208.93573760986328,54,1.1738202130353008,4056.72265625,16.91110640365421,0,0,23,0.0,0.0,0.0,0.25,0.0,0.0,0.75,38,146.72459418730213,216.63641929626465,55,1.1542289040305398,4062.8857421875,19.16132363635516,0,1,24,0.0,0.0,0.0,0.2,0.0,0.0,0.8
466,frozen_ddqn_seed5,6,PARTITION_EVENT_TYPE,0.011182,-0.149973,0.187396,0,38,146.72459418730213,216.63641929626465,55,1.1542289040305398,4062.8857421875,19.16132363635516,0,1,24,0.0,0.0,0.0,0.2,0.0,0.0,0.8,46,144.55434405552072,350.2016067504883,56,1.1355092184884208,4069.6650390625,20.99667144875423,3,2,0,0.0,0.0,0.05,0.2,0.0,0.0,0.75
467,frozen_ddqn_seed5,0,NOOP,0.19275,-0.049688,0.189694,0,46,144.55434405552072,350.2016067504883,56,1.1355092184884208,4069.6650390625,20.99667144875423,3,2,0,0.0,0.0,0.05,0.2,0.0,0.0,0.75,28,101.36266945850096,231.44173622131348,58,1.0984397098935883,4077.408203125,24.203155080706438,3,3,1,0.00041107897274081866,2.0553948637040935e-05,0.05,0.2,0.0,0.05,0.7
468,frozen_ddqn_seed5,0,NOOP,0.192375,-0.056527,0.189224,0,28,101.36266945850096,231.44173622131348,58,1.0984397098935883,4077.408203125,24.203155080706438,3,3,1,0.00041107897274081866,2.0553948637040935e-05,0.05,0.2,0.0,0.05,0.7,44,154.69313656378066,233.81543159484863,61,1.0474668409003587,4089.310546875,27.672037042589444,3,4,2,0.0,2.0553948637040935e-05,0.05,0.2,0.0,0.05,0.7
469,frozen_ddqn_seed5,1,COMPACT_32KB,0.561057,-0.115944,0.18987,0,44,154.69313656378066,233.81543159484863,61,1.0474668409003587,4089.310546875,27.672037042589444,3,4,2,0.0,2.0553948637040935e-05,0.05,0.2,0.0,0.05,0.7,36,134.19864197091968,221.49109840393066,57,1.1181284586588542,4078.9326171875,22.904680792970154,3,0,3,0.0,2.0553948637040935e-05,0.05,0.2,0.0,0.05,0.7
470,frozen_ddqn_seed5,0,NOOP,0.1925,-0.070954,0.189508,0,36,134.19864197091968,221.49109840393066,57,1.1181284586588542,4078.9326171875,22.904680792970154,3,0,3,0.0,2.0553948637040935e-05,0.05,0.2,0.0,0.05,0.7,25,89.24719468351672,224.58219528198242,60,1.0648585001627604,4089.056640625,26.88028988281362,3,1,4,0.0,2.0553948637040935e-05,0.05,0.15,0.0,0.05,0.75
471,frozen_ddqn_seed5,0,NOOP,0.192125,-0.070973,0.185315,0,25,89.24719468351672,224.58219528198242,60,1.0648585001627604,4089.056640625,26.88028988281362,3,1,4,0.0,2.0553948637040935e-05,0.05,0.15,0.0,0.05,0.75,22,62.07910226351499,419.25692558288574,63,1.0165741935608879,4098.8271484375,29.69317064056401,3,2,5,0.0,2.0553948637040935e-05,0.1,0.15,0.0,0.05,0.7
472,frozen_ddqn_seed5,0,NOOP,0.186396,-0.070979,0.181545,0,22,62.07910226351499,419.25692558288574,63,1.0165741935608879,4098.8271484375,29.69317064056401,3,2,5,0.0,2.0553948637040935e-05,0.1,0.15,0.0,0.05,0.7,46,170.42741919099572,325.0894546508789,66,0.9732316913026752,4110.9306640625,31.70326353368159,3,3,6,0.0,2.0553948637040935e-05,0.1,0.2,0.0,0.05,0.65
473,frozen_ddqn_seed5,0,NOOP,0.178035,-0.070997,0.17402,0,46,170.42741919099572,325.0894546508789,66,0.9732316913026752,4110.9306640625,31.70326353368159,3,3,6,0.0,2.0553948637040935e-05,0.1,0.2,0.0,0.05,0.65,30,110.65529180117964,286.9832515716553,69,0.9332991890285326,4121.44921875,33.26550692506239,3,4,7,0.0,2.0553948637040935e-05,0.1,0.15,0.0,0.05,0.7
474,frozen_ddqn_seed5,1,COMPACT_32KB,0.561057,-0.115996,0.187613,0,30,110.65529180117964,286.9832515716553,69,0.9332991890285326,4121.44921875,33.26550692506239,3,4,7,0.0,2.0553948637040935e-05,0.1,0.15,0.0,0.05,0.7,32,97.28192230360997,334.3479633331299,57,1.1218465169270833,4092.49609375,22.25604036348013,3,0,8,0.0,2.0553948637040935e-05,0.15,0.1,0.0,0.05,0.7
475,frozen_ddqn_seed5,0,NOOP,0.1925,-0.071003,0.188881,0,32,97.28192230360997,334.3479633331299,57,1.1218465169270833,4092.49609375,22.25604036348013,3,0,8,0.0,2.0553948637040935e-05,0.15,0.1,0.0,0.05,0.7,30,84.74848053795422,255.95831871032715,60,1.0685071309407552,4103.0673828125,26.369169387303998,3,1,9,0.0,2.0553948637040935e-05,0.15,0.1,0.0,0.05,0.7
476,frozen_ddqn_seed5,0,NOOP,0.192125,-0.071025,0.188856,0,30,84.74848053795422,255.95831871032715,60,1.0685071309407552,4103.0673828125,26.369169387303998,3,1,9,0.0,2.0553948637040935e-05,0.15,0.1,0.0,0.05,0.7,37,134.5860135323818,242.21301078796387,63,1.0204002743675595,4114.25390625,29.229953032244786,3,2,10,0.0,2.0553948637040935e-05,0.15,0.1,0.0,0.05,0.7
477,frozen_ddqn_seed5,0,NOOP,0.187026,-0.071045,0.18365,0,37,134.5860135323818,242.21301078796387,63,1.0204002743675595,4114.25390625,29.229953032244786,3,2,10,0.0,2.0553948637040935e-05,0.15,0.1,0.0,0.05,0.7,25,90.97539200741285,251.29342079162598,66,0.9763777761748342,4124.2197265625,31.372836998932318,3,3,11,0.0,2.0553948637040935e-05,0.15,0.1,0.0,0.05,0.7
478,frozen_ddqn_seed5,0,NOOP,0.178692,-0.071062,0.175152,0,25,90.97539200741285,251.29342079162598,66,0.9763777761748342,4124.2197265625,31.372836998932318,3,3,11,0.0,2.0553948637040935e-05,0.15,0.1,0.0,0.05,0.7,42,155.2356264914575,263.2608413696289,69,0.936584914939991,4135.958984375,32.94942565168616,3,4,12,0.0,2.0553948637040935e-05,0.15,0.1,0.0,0.05,0.7
479,frozen_ddqn_seed5,1,COMPACT_32KB,0.560932,-0.116071,0.189407,0,42,155.2356264914575,263.2608413696289,69,0.936584914939991,4135.958984375,32.94942565168616,3,4,12,0.0,2.0553948637040935e-05,0.15,0.1,0.0,0.05,0.7,21,77.65045282676213,239.64715003967285,58,1.1068812403185615,4108.7431640625,23.287826732128796,3,0,13,0.0,2.0553948637040935e-05,0.15,0.1,0.0,0.05,0.7
480,frozen_ddqn_seed5,0,NOOP,0.192375,-0.071107,0.187438,0,21,77.65045282676213,239.64715003967285,58,1.1068812403185615,4108.7431640625,23.287826732128796,3,0,13,0.0,2.0553948637040935e-05,0.15,0.1,0.0,0.05,0.7,40,152.45791490564307,323.0860233306885,61,1.0553543841252562,4120.103515625,27.0012061299111,3,1,14,0.0,2.0553948637040935e-05,0.15,0.1,0.0,0.05,0.7
481,frozen_ddqn_seed5,0,NOOP,0.192,-0.071118,0.188623,0,40,152.45791490564307,323.0860233306885,61,1.0553543841252562,4120.103515625,27.0012061299111,3,1,14,0.0,2.0553948637040935e-05,0.15,0.1,0.0,0.05,0.7,49,177.93200485172542,248.83317947387695,64,1.0089054107666016,4132.4765625,29.613055702396686,3,2,15,0.0,2.0553948637040935e-05,0.15,0.1,0.0,0.05,0.7
482,frozen_ddqn_seed5,0,NOOP,0.184881,-0.071135,0.181166,0,49,177.93200485172542,248.83317947387695,64,1.0089054107666016,4132.4765625,29.613055702396686,3,2,15,0.0,2.0553948637040935e-05,0.15,0.1,0.0,0.05,0.7,34,125.58205577321557,269.47689056396484,67,0.9662789871443563,4143.404296875,31.59569710604638,3,3,16,0.0,2.0553948637040935e-05,0.15,0.05,0.0,0.05,0.75
483,frozen_ddqn_seed5,0,NOOP,0.176744,-0.071163,0.173279,0,34,125.58205577321557,269.47689056396484,67,0.9662789871443563,4143.404296875,31.59569710604638,3,3,16,0.0,2.0553948637040935e-05,0.15,0.05,0.0,0.05,0.75,42,153.75376985737515,260.7426643371582,70,0.9274714878627233,4155.072265625,33.08654322294503,3,4,17,0.0,2.0553948637040935e-05,0.15,0.05,0.0,0.05,0.75
484,frozen_ddqn_seed5,1,COMPACT_32KB,0.560932,-0.116162,0.18669,0,42,153.75376985737515,260.7426643371582,70,0.9274714878627233,4155.072265625,33.08654322294503,3,4,17,0.0,2.0553948637040935e-05,0.15,0.05,0.0,0.05,0.75,30,112.88119536666235,375.4916191101074,58,1.1114665064318427,4125.763671875,22.50508497297069,3,0,18,0.0,2.0553948637040935e-05,0.15,0.05,0.0,0.05,0.75
485,frozen_ddqn_seed5,0,NOOP,0.1925,-0.071184,0.189156,0,30,112.88119536666235,375.4916191101074,58,1.1114665064318427,4125.763671875,22.50508497297069,3,0,18,0.0,2.0553948637040935e-05,0.15,0.05,0.0,0.05,0.75,26,83.12573529355716,242.2170639038086,60,1.0763870239257813,4133.326171875,25.258348853583954,3,1,19,0.0,2.0553948637040935e-05,0.15,0.05,0.0,0.05,0.75
486,frozen_ddqn_seed5,0,NOOP,0.192125,-0.071193,0.18098,0,26,83.12573529355716,242.2170639038086,60,1.0763870239257813,4133.326171875,25.258348853583954,3,1,19,0.0,2.0553948637040935e-05,0.15,0.05,0.0,0.05,0.75,23,87.93090146750524,635.9941959381104,63,1.0275944301060267,4143.2607421875,28.377874404011937,3,2,20,0.0,2.0553948637040935e-05,0.1,0.05,0.05,0.05,0.75
487,frozen_ddqn_seed5,0,NOOP,0.188427,-0.071213,0.177889,0,23,87.93090146750524,635.9941959381104,63,1.0275944301060267,4143.2607421875,28.377874404011937,3,2,20,0.0,2.0553948637040935e-05,0.1,0.05,0.05,0.05,0.75,29,109.84851024477646,609.3952655792236,66,0.9833836410984849,4153.8125,30.641093443204063,3,3,21,0.0,0.0,0.1,0.05,0.1,0.0,0.75
488,frozen_ddqn_seed5,0,NOOP,0.179964,-0.071218,0.17662,0,29,109.84851024477646,609.3952655792236,66,0.9833836410984849,4153.8125,30.641093443204063,3,3,21,0.0,0.0,0.1,0.05,0.1,0.0,0.75,27,96.86473466727453,253.45134735107422,69,0.9429473876953125,4164.0556640625,32.357132771398945,3,4,22,0.0,0.0,0.1,0.05,0.1,0.0,0.75
489,frozen_ddqn_seed5,2,COMPACT_64KB,0.214466,-0.121227,0.182777,0,27,96.86473466727453,253.45134735107422,69,0.9429473876953125,4164.0556640625,32.357132771398945,3,4,22,0.0,0.0,0.1,0.05,0.1,0.0,0.75,31,115.12783882881183,576.1337280273438,57,1.1333109537760417,4134.318359375,20.683114932041466,3,0,23,0.0,0.0,0.15,0.05,0.1,0.0,0.7
490,frozen_ddqn_seed5,0,NOOP,0.1925,-0.071244,0.182294,0,31,115.12783882881183,576.1337280273438,57,1.1333109537760417,4134.318359375,20.683114932041466,3,0,23,0.0,0.0,0.15,0.05,0.1,0.0,0.7,36,124.98112307990286,585.3087902069092,60,1.0795710245768229,4145.552734375,25.192170661336217,3,1,24,0.0,0.0,0.15,0.05,0.15,0.0,0.65
491,frozen_ddqn_seed5,0,NOOP,0.192125,-0.071249,0.181196,0,36,124.98112307990286,585.3087902069092,60,1.0795710245768229,4145.552734375,25.192170661336217,3,1,24,0.0,0.0,0.15,0.05,0.15,0.0,0.65,25,88.36170646658005,625.2119541168213,63,1.0306653219556052,4155.642578125,28.33803966472249,3,2,25,0.0,0.0,0.1,0.05,0.2,0.0,0.65
492,frozen_ddqn_seed5,5,PARTITION_REGION,0.007213,-0.171255,0.183411,0,25,88.36170646658005,625.2119541168213,63,1.0306653219556052,4155.642578125,28.33803966472249,3,2,25,0.0,0.0,0.1,0.05,0.2,0.0,0.65,33,124.24689230238921,363.5437488555908,66,0.9864078868519176,4166.5869140625,30.61167336429681,2,3,0,0.0,0.0,0.15,0.0,0.2,0.0,0.65
493,frozen_ddqn_seed5,0,NOOP,0.180645,-0.070746,0.177573,0,33,124.24689230238921,363.5437488555908,66,0.9864078868519176,4166.5869140625,30.61167336429681,2,3,0,0.0,0.0,0.15,0.0,0.2,0.0,0.65,50,176.6759196465053,250.685453414917,69,0.9463514245074728,4179.087890625,32.28702037581233,2,4,1,0.0007204146147394679,3.60207307369734e-05,0.15,0.05,0.2,0.0,0.6
494,frozen_ddqn_seed5,1,COMPACT_32KB,0.560807,-0.093881,0.187925,0,50,176.6759196465053,250.685453414917,69,0.9463514245074728,4179.087890625,32.28702037581233,2,4,1,0.0007204146147394679,3.60207307369734e-05,0.15,0.05,0.2,0.0,0.6,38,104.01412754205045,308.7437152862549,59,1.1012402550648834,4158.283203125,23.25210768176626,2,0,2,0.0,3.60207307369734e-05,0.1,0.05,0.2,0.0,0.65
495,frozen_ddqn_seed5,0,NOOP,0.19225,-0.048885,0.179273,0,38,104.01412754205045,308.7437152862549,59,1.1012402550648834,4158.283203125,23.25210768176626,2,0,2,0.0,3.60207307369734e-05,0.1,0.05,0.2,0.0,0.65,22,79.40920556102976,726.3429164886475,62,1.0504554010206653,4168.20703125,26.93023877742983,2,1,3,0.0,3.60207307369734e-05,0.1,0.05,0.25,0.0,0.6
496,frozen_ddqn_seed5,0,NOOP,0.191875,-0.048898,0.180923,0,22,79.40920556102976,726.3429164886475,62,1.0504554010206653,4168.20703125,26.93023877742983,2,1,3,0.0,3.60207307369734e-05,0.1,0.05,0.25,0.0,0.6,33,122.13950754878317,628.8516521453857,65,1.0045985295222355,4179.1298828125,29.53036414466219,2,2,4,0.0,3.60207307369734e-05,0.1,0.05,0.3,0.0,0.55
497,frozen_ddqn_seed5,0,NOOP,0.184034,-0.048908,0.180675,0,33,122.13950754878317,628.8516521453857,65,1.0045985295222355,4179.1298828125,29.53036414466219,2,2,4,0.0,3.60207307369734e-05,0.1,0.05,0.3,0.0,0.55,28,101.57886988810286,252.94065475463867,68,0.9626678018008962,4189.5302734375,31.48595240863444,2,3,5,0.0,3.60207307369734e-05,0.1,0.05,0.3,0.0,0.55
498,frozen_ddqn_seed5,0,NOOP,0.176028,-0.048924,0.170078,0,28,101.57886988810286,252.94065475463867,68,0.9626678018008962,4189.5302734375,31.48595240863444,2,3,5,0.0,3.60207307369734e-05,0.1,0.05,0.3,0.0,0.55,39,145.46098165663005,386.23881340026855,71,0.9245156301579005,4200.9990234375,32.95397827676253,2,4,6,0.0,3.60207307369734e-05,0.1,0.05,0.3,0.0,0.55
499,frozen_ddqn_seed5,1,COMPACT_32KB,0.560807,-0.093932,0.182252,0,39,145.46098165663005,386.23881340026855,71,0.9245156301579005,4200.9990234375,32.95397827676253,2,4,6,0.0,3.60207307369734e-05,0.1,0.05,0.3,0.0,0.55,27,92.11629573534042,592.4108028411865,59,1.1046714136155986,4171.2392578125,22.643895994186806,2,0,7,0.0,3.60207307369734e-05,0.1,0.05,0.35,0.0,0.5
500,frozen_ddqn_seed5,0,NOOP,0.19225,-0.048937,0.188664,1,27,92.11629573534042,592.4108028411865,59,1.1046714136155986,4171.2392578125,22.643895994186806,2,0,7,0.0,3.60207307369734e-05,0.1,0.05,0.35,0.0,0.5,25,84.77218671327654,256.8225860595703,62,1.0537798481602823,4181.3984375,26.449646365908844,2,1,8,0.0,3.60207307369734e-05,0.1,0.05,0.35,0.05,0.45
